[front_panel]
mode=T1 - R1
output=5 dB
gain=10 dB
probe1=2 MHz
probe2=no probe

[measure]
selection=1
samplerate=2
begin=0
end=72
sound speed=2710
units=0

[ascan]
fft filter=0
fft middle=1
fft width=1
fft gate=0
cepstrum filter=0
cepstrum middle=0
cepstrum width=20
cepstrum gate=20

Depth [µs]	Amplitude	HF-filtered	Amplitude-filtered	
0,000E+00	4,385E-01	0,000E+00	0,000E+00	
4,000E-02	5,380E-01	0,000E+00	0,000E+00	
8,000E-02	6,409E-01	0,000E+00	0,000E+00	
1,200E-01	7,437E-01	0,000E+00	0,000E+00	
1,600E-01	8,432E-01	0,000E+00	0,000E+00	
2,000E-01	9,364E-01	0,000E+00	0,000E+00	
2,400E-01	1,021E+00	0,000E+00	0,000E+00	
2,800E-01	1,095E+00	0,000E+00	0,000E+00	
3,200E-01	1,157E+00	0,000E+00	0,000E+00	
3,600E-01	1,208E+00	0,000E+00	0,000E+00	
4,000E-01	1,247E+00	0,000E+00	0,000E+00	
4,400E-01	1,275E+00	0,000E+00	0,000E+00	
4,800E-01	1,295E+00	0,000E+00	0,000E+00	
5,200E-01	1,306E+00	0,000E+00	0,000E+00	
5,600E-01	1,312E+00	0,000E+00	0,000E+00	
6,000E-01	1,313E+00	0,000E+00	0,000E+00	
6,400E-01	1,311E+00	0,000E+00	0,000E+00	
6,800E-01	1,307E+00	0,000E+00	0,000E+00	
7,200E-01	1,303E+00	0,000E+00	0,000E+00	
7,600E-01	1,298E+00	0,000E+00	0,000E+00	
8,000E-01	1,293E+00	0,000E+00	0,000E+00	
8,400E-01	1,288E+00	0,000E+00	0,000E+00	
8,800E-01	1,281E+00	0,000E+00	0,000E+00	
9,200E-01	1,271E+00	0,000E+00	0,000E+00	
9,600E-01	1,259E+00	0,000E+00	0,000E+00	
1,000E+00	1,242E+00	0,000E+00	0,000E+00	
1,040E+00	1,221E+00	0,000E+00	0,000E+00	
1,080E+00	1,195E+00	0,000E+00	0,000E+00	
1,120E+00	1,164E+00	0,000E+00	0,000E+00	
1,160E+00	1,127E+00	0,000E+00	0,000E+00	
1,200E+00	1,086E+00	0,000E+00	0,000E+00	
1,240E+00	1,040E+00	0,000E+00	0,000E+00	
1,280E+00	9,914E-01	0,000E+00	0,000E+00	
1,320E+00	9,403E-01	0,000E+00	0,000E+00	
1,360E+00	8,880E-01	0,000E+00	0,000E+00	
1,400E+00	8,357E-01	0,000E+00	0,000E+00	
1,440E+00	7,845E-01	0,000E+00	0,000E+00	
1,480E+00	7,354E-01	0,000E+00	0,000E+00	
1,520E+00	6,892E-01	0,000E+00	0,000E+00	
1,560E+00	6,466E-01	0,000E+00	0,000E+00	
1,600E+00	6,076E-01	0,000E+00	0,000E+00	
1,640E+00	5,724E-01	0,000E+00	0,000E+00	
1,680E+00	5,406E-01	0,000E+00	0,000E+00	
1,720E+00	5,117E-01	0,000E+00	0,000E+00	
1,760E+00	4,851E-01	0,000E+00	0,000E+00	
1,800E+00	4,601E-01	0,000E+00	0,000E+00	
1,840E+00	4,359E-01	0,000E+00	0,000E+00	
1,880E+00	4,121E-01	0,000E+00	0,000E+00	
1,920E+00	3,880E-01	0,000E+00	0,000E+00	
1,960E+00	3,635E-01	0,000E+00	0,000E+00	
2,000E+00	3,383E-01	0,000E+00	0,000E+00	
2,040E+00	3,127E-01	0,000E+00	0,000E+00	
2,080E+00	2,869E-01	0,000E+00	0,000E+00	
2,120E+00	2,611E-01	0,000E+00	0,000E+00	
2,160E+00	2,360E-01	0,000E+00	0,000E+00	
2,200E+00	2,120E-01	0,000E+00	0,000E+00	
2,240E+00	1,896E-01	0,000E+00	0,000E+00	
2,280E+00	1,693E-01	0,000E+00	0,000E+00	
2,320E+00	1,513E-01	0,000E+00	0,000E+00	
2,360E+00	1,358E-01	0,000E+00	0,000E+00	
2,400E+00	1,229E-01	0,000E+00	0,000E+00	
2,440E+00	1,125E-01	0,000E+00	0,000E+00	
2,480E+00	1,044E-01	0,000E+00	0,000E+00	
2,520E+00	9,820E-02	0,000E+00	0,000E+00	
2,560E+00	9,356E-02	0,000E+00	0,000E+00	
2,600E+00	9,004E-02	0,000E+00	0,000E+00	
2,640E+00	8,722E-02	0,000E+00	0,000E+00	
2,680E+00	8,471E-02	0,000E+00	0,000E+00	
2,720E+00	8,218E-02	0,000E+00	0,000E+00	
2,760E+00	7,938E-02	0,000E+00	0,000E+00	
2,800E+00	7,614E-02	0,000E+00	0,000E+00	
2,840E+00	7,237E-02	0,000E+00	0,000E+00	
2,880E+00	6,808E-02	0,000E+00	0,000E+00	
2,920E+00	6,334E-02	0,000E+00	0,000E+00	
2,960E+00	5,828E-02	0,000E+00	0,000E+00	
3,000E+00	5,307E-02	0,000E+00	0,000E+00	
3,040E+00	4,788E-02	0,000E+00	0,000E+00	
3,080E+00	4,291E-02	0,000E+00	0,000E+00	
3,120E+00	3,833E-02	0,000E+00	0,000E+00	
3,160E+00	3,427E-02	0,000E+00	0,000E+00	
3,200E+00	3,082E-02	0,000E+00	0,000E+00	
3,240E+00	2,802E-02	0,000E+00	0,000E+00	
3,280E+00	2,586E-02	0,000E+00	0,000E+00	
3,320E+00	2,427E-02	0,000E+00	0,000E+00	
3,360E+00	2,316E-02	0,000E+00	0,000E+00	
3,400E+00	2,241E-02	0,000E+00	0,000E+00	
3,440E+00	2,188E-02	0,000E+00	0,000E+00	
3,480E+00	2,143E-02	0,000E+00	0,000E+00	
3,520E+00	2,096E-02	0,000E+00	0,000E+00	
3,560E+00	2,038E-02	0,000E+00	0,000E+00	
3,600E+00	1,964E-02	0,000E+00	0,000E+00	
3,640E+00	1,873E-02	0,000E+00	0,000E+00	
3,680E+00	1,769E-02	0,000E+00	0,000E+00	
3,720E+00	1,656E-02	0,000E+00	0,000E+00	
3,760E+00	1,541E-02	0,000E+00	0,000E+00	
3,800E+00	1,434E-02	0,000E+00	0,000E+00	
3,840E+00	1,340E-02	0,000E+00	0,000E+00	
3,880E+00	1,265E-02	0,000E+00	0,000E+00	
3,920E+00	1,214E-02	0,000E+00	0,000E+00	
3,960E+00	1,186E-02	0,000E+00	0,000E+00	
4,000E+00	1,180E-02	0,000E+00	0,000E+00	
4,040E+00	1,192E-02	0,000E+00	0,000E+00	
4,080E+00	1,217E-02	0,000E+00	0,000E+00	
4,120E+00	1,249E-02	0,000E+00	0,000E+00	
4,160E+00	1,281E-02	0,000E+00	0,000E+00	
4,200E+00	1,310E-02	0,000E+00	0,000E+00	
4,240E+00	1,330E-02	0,000E+00	0,000E+00	
4,280E+00	1,340E-02	0,000E+00	0,000E+00	
4,320E+00	1,341E-02	0,000E+00	0,000E+00	
4,360E+00	1,333E-02	0,000E+00	0,000E+00	
4,400E+00	1,320E-02	0,000E+00	0,000E+00	
4,440E+00	1,305E-02	0,000E+00	0,000E+00	
4,480E+00	1,290E-02	0,000E+00	0,000E+00	
4,520E+00	1,278E-02	0,000E+00	0,000E+00	
4,560E+00	1,271E-02	0,000E+00	0,000E+00	
4,600E+00	1,268E-02	0,000E+00	0,000E+00	
4,640E+00	1,269E-02	0,000E+00	0,000E+00	
4,680E+00	1,273E-02	0,000E+00	0,000E+00	
4,720E+00	1,276E-02	0,000E+00	0,000E+00	
4,760E+00	1,278E-02	0,000E+00	0,000E+00	
4,800E+00	1,277E-02	0,000E+00	0,000E+00	
4,840E+00	1,272E-02	0,000E+00	0,000E+00	
4,880E+00	1,264E-02	0,000E+00	0,000E+00	
4,920E+00	1,254E-02	0,000E+00	0,000E+00	
4,960E+00	1,243E-02	0,000E+00	0,000E+00	
5,000E+00	1,232E-02	0,000E+00	0,000E+00	
5,040E+00	1,223E-02	0,000E+00	0,000E+00	
5,080E+00	1,218E-02	0,000E+00	0,000E+00	
5,120E+00	1,216E-02	0,000E+00	0,000E+00	
5,160E+00	1,218E-02	0,000E+00	0,000E+00	
5,200E+00	1,222E-02	0,000E+00	0,000E+00	
5,240E+00	1,228E-02	0,000E+00	0,000E+00	
5,280E+00	1,233E-02	0,000E+00	0,000E+00	
5,320E+00	1,236E-02	0,000E+00	0,000E+00	
5,360E+00	1,236E-02	0,000E+00	0,000E+00	
5,400E+00	1,231E-02	0,000E+00	0,000E+00	
5,440E+00	1,224E-02	0,000E+00	0,000E+00	
5,480E+00	1,213E-02	0,000E+00	0,000E+00	
5,520E+00	1,200E-02	0,000E+00	0,000E+00	
5,560E+00	1,187E-02	0,000E+00	0,000E+00	
5,600E+00	1,175E-02	0,000E+00	0,000E+00	
5,640E+00	1,166E-02	0,000E+00	0,000E+00	
5,680E+00	1,160E-02	0,000E+00	0,000E+00	
5,720E+00	1,158E-02	0,000E+00	0,000E+00	
5,760E+00	1,160E-02	0,000E+00	0,000E+00	
5,800E+00	1,165E-02	0,000E+00	0,000E+00	
5,840E+00	1,173E-02	0,000E+00	0,000E+00	
5,880E+00	1,181E-02	0,000E+00	0,000E+00	
5,920E+00	1,189E-02	0,000E+00	0,000E+00	
5,960E+00	1,196E-02	0,000E+00	0,000E+00	
6,000E+00	1,202E-02	0,000E+00	0,000E+00	
6,040E+00	1,205E-02	0,000E+00	0,000E+00	
6,080E+00	1,207E-02	0,000E+00	0,000E+00	
6,120E+00	1,207E-02	0,000E+00	0,000E+00	
6,160E+00	1,206E-02	0,000E+00	0,000E+00	
6,200E+00	1,204E-02	0,000E+00	0,000E+00	
6,240E+00	1,202E-02	0,000E+00	0,000E+00	
6,280E+00	1,199E-02	0,000E+00	0,000E+00	
6,320E+00	1,196E-02	0,000E+00	0,000E+00	
6,360E+00	1,193E-02	0,000E+00	0,000E+00	
6,400E+00	1,191E-02	0,000E+00	0,000E+00	
6,440E+00	1,189E-02	0,000E+00	0,000E+00	
6,480E+00	1,188E-02	0,000E+00	0,000E+00	
6,520E+00	1,188E-02	0,000E+00	0,000E+00	
6,560E+00	1,189E-02	0,000E+00	0,000E+00	
6,600E+00	1,192E-02	0,000E+00	0,000E+00	
6,640E+00	1,197E-02	0,000E+00	0,000E+00	
6,680E+00	1,203E-02	0,000E+00	0,000E+00	
6,720E+00	1,211E-02	0,000E+00	0,000E+00	
6,760E+00	1,219E-02	0,000E+00	0,000E+00	
6,800E+00	1,228E-02	0,000E+00	0,000E+00	
6,840E+00	1,236E-02	0,000E+00	0,000E+00	
6,880E+00	1,242E-02	0,000E+00	0,000E+00	
6,920E+00	1,245E-02	0,000E+00	0,000E+00	
6,960E+00	1,245E-02	0,000E+00	0,000E+00	
7,000E+00	1,242E-02	0,000E+00	0,000E+00	
7,040E+00	1,234E-02	0,000E+00	0,000E+00	
7,080E+00	1,224E-02	0,000E+00	0,000E+00	
7,120E+00	1,212E-02	0,000E+00	0,000E+00	
7,160E+00	1,199E-02	0,000E+00	0,000E+00	
7,200E+00	1,185E-02	0,000E+00	0,000E+00	
7,240E+00	1,173E-02	0,000E+00	0,000E+00	
7,280E+00	1,162E-02	0,000E+00	0,000E+00	
7,320E+00	1,156E-02	0,000E+00	0,000E+00	
7,360E+00	1,152E-02	0,000E+00	0,000E+00	
7,400E+00	1,153E-02	0,000E+00	0,000E+00	
7,440E+00	1,158E-02	0,000E+00	0,000E+00	
7,480E+00	1,166E-02	0,000E+00	0,000E+00	
7,520E+00	1,176E-02	0,000E+00	0,000E+00	
7,560E+00	1,188E-02	0,000E+00	0,000E+00	
7,600E+00	1,200E-02	0,000E+00	0,000E+00	
7,640E+00	1,212E-02	0,000E+00	0,000E+00	
7,680E+00	1,222E-02	0,000E+00	0,000E+00	
7,720E+00	1,231E-02	0,000E+00	0,000E+00	
7,760E+00	1,236E-02	0,000E+00	0,000E+00	
7,800E+00	1,239E-02	0,000E+00	0,000E+00	
7,840E+00	1,240E-02	0,000E+00	0,000E+00	
7,880E+00	1,238E-02	0,000E+00	0,000E+00	
7,920E+00	1,233E-02	0,000E+00	0,000E+00	
7,960E+00	1,228E-02	0,000E+00	0,000E+00	
8,000E+00	1,221E-02	0,000E+00	0,000E+00	
8,040E+00	1,213E-02	0,000E+00	0,000E+00	
8,080E+00	1,206E-02	0,000E+00	0,000E+00	
8,120E+00	1,199E-02	0,000E+00	0,000E+00	
8,160E+00	1,193E-02	0,000E+00	0,000E+00	
8,200E+00	1,188E-02	0,000E+00	0,000E+00	
8,240E+00	1,184E-02	0,000E+00	0,000E+00	
8,280E+00	1,182E-02	0,000E+00	0,000E+00	
8,320E+00	1,180E-02	0,000E+00	0,000E+00	
8,360E+00	1,180E-02	0,000E+00	0,000E+00	
8,400E+00	1,180E-02	0,000E+00	0,000E+00	
8,440E+00	1,182E-02	0,000E+00	0,000E+00	
8,480E+00	1,185E-02	0,000E+00	0,000E+00	
8,520E+00	1,189E-02	0,000E+00	0,000E+00	
8,560E+00	1,193E-02	0,000E+00	0,000E+00	
8,600E+00	1,199E-02	0,000E+00	0,000E+00	
8,640E+00	1,206E-02	0,000E+00	0,000E+00	
8,680E+00	1,214E-02	0,000E+00	0,000E+00	
8,720E+00	1,222E-02	0,000E+00	0,000E+00	
8,760E+00	1,230E-02	0,000E+00	0,000E+00	
8,800E+00	1,237E-02	0,000E+00	0,000E+00	
8,840E+00	1,244E-02	0,000E+00	0,000E+00	
8,880E+00	1,249E-02	0,000E+00	0,000E+00	
8,920E+00	1,252E-02	0,000E+00	0,000E+00	
8,960E+00	1,255E-02	0,000E+00	0,000E+00	
9,000E+00	1,255E-02	0,000E+00	0,000E+00	
9,040E+00	1,255E-02	0,000E+00	0,000E+00	
9,080E+00	1,253E-02	0,000E+00	0,000E+00	
9,120E+00	1,252E-02	0,000E+00	0,000E+00	
9,160E+00	1,250E-02	0,000E+00	0,000E+00	
9,200E+00	1,248E-02	0,000E+00	0,000E+00	
9,240E+00	1,246E-02	0,000E+00	0,000E+00	
9,280E+00	1,245E-02	0,000E+00	0,000E+00	
9,320E+00	1,243E-02	0,000E+00	0,000E+00	
9,360E+00	1,242E-02	0,000E+00	0,000E+00	
9,400E+00	1,241E-02	0,000E+00	0,000E+00	
9,440E+00	1,239E-02	0,000E+00	0,000E+00	
9,480E+00	1,236E-02	0,000E+00	0,000E+00	
9,520E+00	1,233E-02	0,000E+00	0,000E+00	
9,560E+00	1,229E-02	0,000E+00	0,000E+00	
9,600E+00	1,225E-02	0,000E+00	0,000E+00	
9,640E+00	1,221E-02	0,000E+00	0,000E+00	
9,680E+00	1,217E-02	0,000E+00	0,000E+00	
9,720E+00	1,214E-02	0,000E+00	0,000E+00	
9,760E+00	1,213E-02	0,000E+00	0,000E+00	
9,800E+00	1,212E-02	0,000E+00	0,000E+00	
9,840E+00	1,214E-02	0,000E+00	0,000E+00	
9,880E+00	1,216E-02	0,000E+00	0,000E+00	
9,920E+00	1,220E-02	0,000E+00	0,000E+00	
9,960E+00	1,224E-02	0,000E+00	0,000E+00	
1,000E+01	1,228E-02	0,000E+00	0,000E+00	
1,004E+01	1,231E-02	0,000E+00	0,000E+00	
1,008E+01	1,232E-02	0,000E+00	0,000E+00	
1,012E+01	1,232E-02	0,000E+00	0,000E+00	
1,016E+01	1,231E-02	0,000E+00	0,000E+00	
1,020E+01	1,227E-02	0,000E+00	0,000E+00	
1,024E+01	1,222E-02	0,000E+00	0,000E+00	
1,028E+01	1,216E-02	0,000E+00	0,000E+00	
1,032E+01	1,209E-02	0,000E+00	0,000E+00	
1,036E+01	1,202E-02	0,000E+00	0,000E+00	
1,040E+01	1,195E-02	0,000E+00	0,000E+00	
1,044E+01	1,189E-02	0,000E+00	0,000E+00	
1,048E+01	1,184E-02	0,000E+00	0,000E+00	
1,052E+01	1,180E-02	0,000E+00	0,000E+00	
1,056E+01	1,178E-02	0,000E+00	0,000E+00	
1,060E+01	1,177E-02	0,000E+00	0,000E+00	
1,064E+01	1,177E-02	0,000E+00	0,000E+00	
1,068E+01	1,179E-02	0,000E+00	0,000E+00	
1,072E+01	1,182E-02	0,000E+00	0,000E+00	
1,076E+01	1,186E-02	0,000E+00	0,000E+00	
1,080E+01	1,190E-02	0,000E+00	0,000E+00	
1,084E+01	1,196E-02	0,000E+00	0,000E+00	
1,088E+01	1,201E-02	0,000E+00	0,000E+00	
1,092E+01	1,207E-02	0,000E+00	0,000E+00	
1,096E+01	1,213E-02	0,000E+00	0,000E+00	
1,100E+01	1,218E-02	0,000E+00	0,000E+00	
1,104E+01	1,223E-02	0,000E+00	0,000E+00	
1,108E+01	1,227E-02	0,000E+00	0,000E+00	
1,112E+01	1,230E-02	0,000E+00	0,000E+00	
1,116E+01	1,231E-02	0,000E+00	0,000E+00	
1,120E+01	1,232E-02	0,000E+00	0,000E+00	
1,124E+01	1,232E-02	0,000E+00	0,000E+00	
1,128E+01	1,232E-02	0,000E+00	0,000E+00	
1,132E+01	1,230E-02	0,000E+00	0,000E+00	
1,136E+01	1,229E-02	0,000E+00	0,000E+00	
1,140E+01	1,228E-02	0,000E+00	0,000E+00	
1,144E+01	1,226E-02	0,000E+00	0,000E+00	
1,148E+01	1,225E-02	0,000E+00	0,000E+00	
1,152E+01	1,225E-02	0,000E+00	0,000E+00	
1,156E+01	1,224E-02	0,000E+00	0,000E+00	
1,160E+01	1,224E-02	0,000E+00	0,000E+00	
1,164E+01	1,223E-02	0,000E+00	0,000E+00	
1,168E+01	1,222E-02	0,000E+00	0,000E+00	
1,172E+01	1,220E-02	0,000E+00	0,000E+00	
1,176E+01	1,217E-02	0,000E+00	0,000E+00	
1,180E+01	1,214E-02	0,000E+00	0,000E+00	
1,184E+01	1,211E-02	0,000E+00	0,000E+00	
1,188E+01	1,207E-02	0,000E+00	0,000E+00	
1,192E+01	1,203E-02	0,000E+00	0,000E+00	
1,196E+01	1,198E-02	0,000E+00	0,000E+00	
1,200E+01	1,194E-02	0,000E+00	0,000E+00	
1,204E+01	1,190E-02	0,000E+00	0,000E+00	
1,208E+01	1,186E-02	0,000E+00	0,000E+00	
1,212E+01	1,183E-02	0,000E+00	0,000E+00	
1,216E+01	1,180E-02	0,000E+00	0,000E+00	
1,220E+01	1,177E-02	0,000E+00	0,000E+00	
1,224E+01	1,175E-02	0,000E+00	0,000E+00	
1,228E+01	1,174E-02	0,000E+00	0,000E+00	
1,232E+01	1,173E-02	0,000E+00	0,000E+00	
1,236E+01	1,174E-02	0,000E+00	0,000E+00	
1,240E+01	1,175E-02	0,000E+00	0,000E+00	
1,244E+01	1,177E-02	0,000E+00	0,000E+00	
1,248E+01	1,181E-02	0,000E+00	0,000E+00	
1,252E+01	1,185E-02	0,000E+00	0,000E+00	
1,256E+01	1,191E-02	0,000E+00	0,000E+00	
1,260E+01	1,197E-02	0,000E+00	0,000E+00	
1,264E+01	1,203E-02	0,000E+00	0,000E+00	
1,268E+01	1,209E-02	0,000E+00	0,000E+00	
1,272E+01	1,215E-02	0,000E+00	0,000E+00	
1,276E+01	1,221E-02	0,000E+00	0,000E+00	
1,280E+01	1,226E-02	0,000E+00	0,000E+00	
1,284E+01	1,230E-02	0,000E+00	0,000E+00	
1,288E+01	1,233E-02	0,000E+00	0,000E+00	
1,292E+01	1,234E-02	0,000E+00	0,000E+00	
1,296E+01	1,234E-02	0,000E+00	0,000E+00	
1,300E+01	1,233E-02	0,000E+00	0,000E+00	
1,304E+01	1,231E-02	0,000E+00	0,000E+00	
1,308E+01	1,227E-02	0,000E+00	0,000E+00	
1,312E+01	1,223E-02	0,000E+00	0,000E+00	
1,316E+01	1,218E-02	0,000E+00	0,000E+00	
1,320E+01	1,212E-02	0,000E+00	0,000E+00	
1,324E+01	1,207E-02	0,000E+00	0,000E+00	
1,328E+01	1,201E-02	0,000E+00	0,000E+00	
1,332E+01	1,196E-02	0,000E+00	0,000E+00	
1,336E+01	1,190E-02	0,000E+00	0,000E+00	
1,340E+01	1,185E-02	0,000E+00	0,000E+00	
1,344E+01	1,181E-02	0,000E+00	0,000E+00	
1,348E+01	1,177E-02	0,000E+00	0,000E+00	
1,352E+01	1,173E-02	0,000E+00	0,000E+00	
1,356E+01	1,170E-02	0,000E+00	0,000E+00	
1,360E+01	1,168E-02	0,000E+00	0,000E+00	
1,364E+01	1,167E-02	0,000E+00	0,000E+00	
1,368E+01	1,166E-02	0,000E+00	0,000E+00	
1,372E+01	1,167E-02	0,000E+00	0,000E+00	
1,376E+01	1,168E-02	0,000E+00	0,000E+00	
1,380E+01	1,171E-02	0,000E+00	0,000E+00	
1,384E+01	1,174E-02	0,000E+00	0,000E+00	
1,388E+01	1,179E-02	0,000E+00	0,000E+00	
1,392E+01	1,184E-02	0,000E+00	0,000E+00	
1,396E+01	1,190E-02	0,000E+00	0,000E+00	
1,400E+01	1,196E-02	0,000E+00	0,000E+00	
1,404E+01	1,202E-02	0,000E+00	0,000E+00	
1,408E+01	1,207E-02	0,000E+00	0,000E+00	
1,412E+01	1,212E-02	0,000E+00	0,000E+00	
1,416E+01	1,216E-02	0,000E+00	0,000E+00	
1,420E+01	1,219E-02	0,000E+00	0,000E+00	
1,424E+01	1,221E-02	0,000E+00	0,000E+00	
1,428E+01	1,221E-02	0,000E+00	0,000E+00	
1,432E+01	1,221E-02	0,000E+00	0,000E+00	
1,436E+01	1,219E-02	0,000E+00	0,000E+00	
1,440E+01	1,217E-02	0,000E+00	0,000E+00	
1,444E+01	1,213E-02	0,000E+00	0,000E+00	
1,448E+01	1,209E-02	0,000E+00	0,000E+00	
1,452E+01	1,205E-02	0,000E+00	0,000E+00	
1,456E+01	1,200E-02	0,000E+00	0,000E+00	
1,460E+01	1,195E-02	0,000E+00	0,000E+00	
1,464E+01	1,191E-02	0,000E+00	0,000E+00	
1,468E+01	1,187E-02	0,000E+00	0,000E+00	
1,472E+01	1,183E-02	0,000E+00	0,000E+00	
1,476E+01	1,181E-02	0,000E+00	0,000E+00	
1,480E+01	1,181E-02	0,000E+00	0,000E+00	
1,484E+01	1,181E-02	0,000E+00	0,000E+00	
1,488E+01	1,183E-02	0,000E+00	0,000E+00	
1,492E+01	1,187E-02	0,000E+00	0,000E+00	
1,496E+01	1,191E-02	0,000E+00	0,000E+00	
1,500E+01	1,196E-02	0,000E+00	0,000E+00	
1,504E+01	1,202E-02	0,000E+00	0,000E+00	
1,508E+01	1,208E-02	0,000E+00	0,000E+00	
1,512E+01	1,214E-02	0,000E+00	0,000E+00	
1,516E+01	1,219E-02	0,000E+00	0,000E+00	
1,520E+01	1,224E-02	0,000E+00	0,000E+00	
1,524E+01	1,227E-02	0,000E+00	0,000E+00	
1,528E+01	1,231E-02	0,000E+00	0,000E+00	
1,532E+01	1,234E-02	0,000E+00	0,000E+00	
1,536E+01	1,236E-02	0,000E+00	0,000E+00	
1,540E+01	1,239E-02	0,000E+00	0,000E+00	
1,544E+01	1,242E-02	0,000E+00	0,000E+00	
1,548E+01	1,244E-02	0,000E+00	0,000E+00	
1,552E+01	1,248E-02	0,000E+00	0,000E+00	
1,556E+01	1,251E-02	0,000E+00	0,000E+00	
1,560E+01	1,254E-02	0,000E+00	0,000E+00	
1,564E+01	1,256E-02	0,000E+00	0,000E+00	
1,568E+01	1,257E-02	0,000E+00	0,000E+00	
1,572E+01	1,257E-02	0,000E+00	0,000E+00	
1,576E+01	1,255E-02	0,000E+00	0,000E+00	
1,580E+01	1,252E-02	0,000E+00	0,000E+00	
1,584E+01	1,247E-02	0,000E+00	0,000E+00	
1,588E+01	1,241E-02	0,000E+00	0,000E+00	
1,592E+01	1,233E-02	0,000E+00	0,000E+00	
1,596E+01	1,225E-02	0,000E+00	0,000E+00	
1,600E+01	1,217E-02	0,000E+00	0,000E+00	
1,604E+01	1,210E-02	0,000E+00	0,000E+00	
1,608E+01	1,202E-02	0,000E+00	0,000E+00	
1,612E+01	1,196E-02	0,000E+00	0,000E+00	
1,616E+01	1,191E-02	0,000E+00	0,000E+00	
1,620E+01	1,186E-02	0,000E+00	0,000E+00	
1,624E+01	1,183E-02	0,000E+00	0,000E+00	
1,628E+01	1,180E-02	0,000E+00	0,000E+00	
1,632E+01	1,177E-02	0,000E+00	0,000E+00	
1,636E+01	1,175E-02	0,000E+00	0,000E+00	
1,640E+01	1,173E-02	0,000E+00	0,000E+00	
1,644E+01	1,171E-02	0,000E+00	0,000E+00	
1,648E+01	1,169E-02	0,000E+00	0,000E+00	
1,652E+01	1,167E-02	0,000E+00	0,000E+00	
1,656E+01	1,166E-02	0,000E+00	0,000E+00	
1,660E+01	1,164E-02	0,000E+00	0,000E+00	
1,664E+01	1,163E-02	0,000E+00	0,000E+00	
1,668E+01	1,163E-02	0,000E+00	0,000E+00	
1,672E+01	1,163E-02	0,000E+00	0,000E+00	
1,676E+01	1,164E-02	0,000E+00	0,000E+00	
1,680E+01	1,165E-02	0,000E+00	0,000E+00	
1,684E+01	1,168E-02	0,000E+00	0,000E+00	
1,688E+01	1,171E-02	0,000E+00	0,000E+00	
1,692E+01	1,174E-02	0,000E+00	0,000E+00	
1,696E+01	1,178E-02	0,000E+00	0,000E+00	
1,700E+01	1,182E-02	0,000E+00	0,000E+00	
1,704E+01	1,186E-02	0,000E+00	0,000E+00	
1,708E+01	1,190E-02	0,000E+00	0,000E+00	
1,712E+01	1,193E-02	0,000E+00	0,000E+00	
1,716E+01	1,195E-02	0,000E+00	0,000E+00	
1,720E+01	1,196E-02	0,000E+00	0,000E+00	
1,724E+01	1,196E-02	0,000E+00	0,000E+00	
1,728E+01	1,195E-02	0,000E+00	0,000E+00	
1,732E+01	1,194E-02	0,000E+00	0,000E+00	
1,736E+01	1,191E-02	0,000E+00	0,000E+00	
1,740E+01	1,189E-02	0,000E+00	0,000E+00	
1,744E+01	1,186E-02	0,000E+00	0,000E+00	
1,748E+01	1,184E-02	0,000E+00	0,000E+00	
1,752E+01	1,182E-02	0,000E+00	0,000E+00	
1,756E+01	1,181E-02	0,000E+00	0,000E+00	
1,760E+01	1,181E-02	0,000E+00	0,000E+00	
1,764E+01	1,183E-02	0,000E+00	0,000E+00	
1,768E+01	1,185E-02	0,000E+00	0,000E+00	
1,772E+01	1,188E-02	0,000E+00	0,000E+00	
1,776E+01	1,191E-02	0,000E+00	0,000E+00	
1,780E+01	1,195E-02	0,000E+00	0,000E+00	
1,784E+01	1,199E-02	0,000E+00	0,000E+00	
1,788E+01	1,202E-02	0,000E+00	0,000E+00	
1,792E+01	1,205E-02	0,000E+00	0,000E+00	
1,796E+01	1,207E-02	0,000E+00	0,000E+00	
1,800E+01	1,207E-02	0,000E+00	0,000E+00	
1,804E+01	1,206E-02	0,000E+00	0,000E+00	
1,808E+01	1,203E-02	0,000E+00	0,000E+00	
1,812E+01	1,200E-02	0,000E+00	0,000E+00	
1,816E+01	1,196E-02	0,000E+00	0,000E+00	
1,820E+01	1,191E-02	0,000E+00	0,000E+00	
1,824E+01	1,186E-02	0,000E+00	0,000E+00	
1,828E+01	1,181E-02	0,000E+00	0,000E+00	
1,832E+01	1,176E-02	0,000E+00	0,000E+00	
1,836E+01	1,172E-02	0,000E+00	0,000E+00	
1,840E+01	1,168E-02	0,000E+00	0,000E+00	
1,844E+01	1,166E-02	0,000E+00	0,000E+00	
1,848E+01	1,164E-02	0,000E+00	0,000E+00	
1,852E+01	1,163E-02	0,000E+00	0,000E+00	
1,856E+01	1,162E-02	0,000E+00	0,000E+00	
1,860E+01	1,163E-02	0,000E+00	0,000E+00	
1,864E+01	1,165E-02	0,000E+00	0,000E+00	
1,868E+01	1,167E-02	0,000E+00	0,000E+00	
1,872E+01	1,170E-02	0,000E+00	0,000E+00	
1,876E+01	1,174E-02	0,000E+00	0,000E+00	
1,880E+01	1,179E-02	0,000E+00	0,000E+00	
1,884E+01	1,184E-02	0,000E+00	0,000E+00	
1,888E+01	1,189E-02	0,000E+00	0,000E+00	
1,892E+01	1,195E-02	0,000E+00	0,000E+00	
1,896E+01	1,200E-02	0,000E+00	0,000E+00	
1,900E+01	1,205E-02	0,000E+00	0,000E+00	
1,904E+01	1,209E-02	0,000E+00	0,000E+00	
1,908E+01	1,211E-02	0,000E+00	0,000E+00	
1,912E+01	1,212E-02	0,000E+00	0,000E+00	
1,916E+01	1,210E-02	0,000E+00	0,000E+00	
1,920E+01	1,206E-02	0,000E+00	0,000E+00	
1,924E+01	1,201E-02	0,000E+00	0,000E+00	
1,928E+01	1,193E-02	0,000E+00	0,000E+00	
1,932E+01	1,184E-02	0,000E+00	0,000E+00	
1,936E+01	1,175E-02	0,000E+00	0,000E+00	
1,940E+01	1,165E-02	0,000E+00	0,000E+00	
1,944E+01	1,156E-02	0,000E+00	0,000E+00	
1,948E+01	1,149E-02	0,000E+00	0,000E+00	
1,952E+01	1,143E-02	0,000E+00	0,000E+00	
1,956E+01	1,141E-02	0,000E+00	0,000E+00	
1,960E+01	1,140E-02	0,000E+00	0,000E+00	
1,964E+01	1,142E-02	0,000E+00	0,000E+00	
1,968E+01	1,147E-02	0,000E+00	0,000E+00	
1,972E+01	1,153E-02	0,000E+00	0,000E+00	
1,976E+01	1,160E-02	0,000E+00	0,000E+00	
1,980E+01	1,167E-02	0,000E+00	0,000E+00	
1,984E+01	1,174E-02	0,000E+00	0,000E+00	
1,988E+01	1,181E-02	0,000E+00	0,000E+00	
1,992E+01	1,186E-02	0,000E+00	0,000E+00	
1,996E+01	1,190E-02	0,000E+00	0,000E+00	
2,000E+01	1,193E-02	0,000E+00	0,000E+00	
2,004E+01	1,194E-02	0,000E+00	0,000E+00	
2,008E+01	1,194E-02	0,000E+00	0,000E+00	
2,012E+01	1,194E-02	0,000E+00	0,000E+00	
2,016E+01	1,193E-02	0,000E+00	0,000E+00	
2,020E+01	1,192E-02	0,000E+00	0,000E+00	
2,024E+01	1,191E-02	0,000E+00	0,000E+00	
2,028E+01	1,190E-02	0,000E+00	0,000E+00	
2,032E+01	1,190E-02	0,000E+00	0,000E+00	
2,036E+01	1,190E-02	0,000E+00	0,000E+00	
2,040E+01	1,190E-02	0,000E+00	0,000E+00	
2,044E+01	1,190E-02	0,000E+00	0,000E+00	
2,048E+01	1,190E-02	0,000E+00	0,000E+00	
2,052E+01	1,189E-02	0,000E+00	0,000E+00	
2,056E+01	1,188E-02	0,000E+00	0,000E+00	
2,060E+01	1,186E-02	0,000E+00	0,000E+00	
2,064E+01	1,184E-02	0,000E+00	0,000E+00	
2,068E+01	1,181E-02	0,000E+00	0,000E+00	
2,072E+01	1,177E-02	0,000E+00	0,000E+00	
2,076E+01	1,173E-02	0,000E+00	0,000E+00	
2,080E+01	1,168E-02	0,000E+00	0,000E+00	
2,084E+01	1,164E-02	0,000E+00	0,000E+00	
2,088E+01	1,160E-02	0,000E+00	0,000E+00	
2,092E+01	1,157E-02	0,000E+00	0,000E+00	
2,096E+01	1,155E-02	0,000E+00	0,000E+00	
2,100E+01	1,154E-02	0,000E+00	0,000E+00	
2,104E+01	1,153E-02	0,000E+00	0,000E+00	
2,108E+01	1,154E-02	0,000E+00	0,000E+00	
2,112E+01	1,156E-02	0,000E+00	0,000E+00	
2,116E+01	1,158E-02	0,000E+00	0,000E+00	
2,120E+01	1,161E-02	0,000E+00	0,000E+00	
2,124E+01	1,164E-02	0,000E+00	0,000E+00	
2,128E+01	1,167E-02	0,000E+00	0,000E+00	
2,132E+01	1,171E-02	0,000E+00	0,000E+00	
2,136E+01	1,175E-02	0,000E+00	0,000E+00	
2,140E+01	1,179E-02	0,000E+00	0,000E+00	
2,144E+01	1,184E-02	0,000E+00	0,000E+00	
2,148E+01	1,189E-02	0,000E+00	0,000E+00	
2,152E+01	1,194E-02	0,000E+00	0,000E+00	
2,156E+01	1,200E-02	0,000E+00	0,000E+00	
2,160E+01	1,205E-02	0,000E+00	0,000E+00	
2,164E+01	1,210E-02	0,000E+00	0,000E+00	
2,168E+01	1,215E-02	0,000E+00	0,000E+00	
2,172E+01	1,219E-02	0,000E+00	0,000E+00	
2,176E+01	1,223E-02	0,000E+00	0,000E+00	
2,180E+01	1,225E-02	0,000E+00	0,000E+00	
2,184E+01	1,226E-02	0,000E+00	0,000E+00	
2,188E+01	1,226E-02	0,000E+00	0,000E+00	
2,192E+01	1,226E-02	0,000E+00	0,000E+00	
2,196E+01	1,224E-02	0,000E+00	0,000E+00	
2,200E+01	1,222E-02	0,000E+00	0,000E+00	
2,204E+01	1,219E-02	0,000E+00	0,000E+00	
2,208E+01	1,217E-02	0,000E+00	0,000E+00	
2,212E+01	1,214E-02	0,000E+00	0,000E+00	
2,216E+01	1,211E-02	0,000E+00	0,000E+00	
2,220E+01	1,209E-02	0,000E+00	0,000E+00	
2,224E+01	1,208E-02	0,000E+00	0,000E+00	
2,228E+01	1,206E-02	0,000E+00	0,000E+00	
2,232E+01	1,205E-02	0,000E+00	0,000E+00	
2,236E+01	1,205E-02	0,000E+00	0,000E+00	
2,240E+01	1,205E-02	0,000E+00	0,000E+00	
2,244E+01	1,205E-02	0,000E+00	0,000E+00	
2,248E+01	1,206E-02	0,000E+00	0,000E+00	
2,252E+01	1,207E-02	0,000E+00	0,000E+00	
2,256E+01	1,207E-02	0,000E+00	0,000E+00	
2,260E+01	1,207E-02	0,000E+00	0,000E+00	
2,264E+01	1,207E-02	0,000E+00	0,000E+00	
2,268E+01	1,206E-02	0,000E+00	0,000E+00	
2,272E+01	1,204E-02	0,000E+00	0,000E+00	
2,276E+01	1,201E-02	0,000E+00	0,000E+00	
2,280E+01	1,197E-02	0,000E+00	0,000E+00	
2,284E+01	1,191E-02	0,000E+00	0,000E+00	
2,288E+01	1,185E-02	0,000E+00	0,000E+00	
2,292E+01	1,178E-02	0,000E+00	0,000E+00	
2,296E+01	1,171E-02	0,000E+00	0,000E+00	
2,300E+01	1,163E-02	0,000E+00	0,000E+00	
2,304E+01	1,156E-02	0,000E+00	0,000E+00	
2,308E+01	1,150E-02	0,000E+00	0,000E+00	
2,312E+01	1,144E-02	0,000E+00	0,000E+00	
2,316E+01	1,140E-02	0,000E+00	0,000E+00	
2,320E+01	1,138E-02	0,000E+00	0,000E+00	
2,324E+01	1,138E-02	0,000E+00	0,000E+00	
2,328E+01	1,139E-02	0,000E+00	0,000E+00	
2,332E+01	1,142E-02	0,000E+00	0,000E+00	
2,336E+01	1,147E-02	0,000E+00	0,000E+00	
2,340E+01	1,152E-02	0,000E+00	0,000E+00	
2,344E+01	1,158E-02	0,000E+00	0,000E+00	
2,348E+01	1,163E-02	0,000E+00	0,000E+00	
2,352E+01	1,169E-02	0,000E+00	0,000E+00	
2,356E+01	1,173E-02	0,000E+00	0,000E+00	
2,360E+01	1,177E-02	0,000E+00	0,000E+00	
2,364E+01	1,180E-02	0,000E+00	0,000E+00	
2,368E+01	1,183E-02	0,000E+00	0,000E+00	
2,372E+01	1,184E-02	0,000E+00	0,000E+00	
2,376E+01	1,185E-02	0,000E+00	0,000E+00	
2,380E+01	1,186E-02	0,000E+00	0,000E+00	
2,384E+01	1,186E-02	0,000E+00	0,000E+00	
2,388E+01	1,187E-02	0,000E+00	0,000E+00	
2,392E+01	1,187E-02	0,000E+00	0,000E+00	
2,396E+01	1,187E-02	0,000E+00	0,000E+00	
2,400E+01	1,188E-02	0,000E+00	0,000E+00	
2,404E+01	1,188E-02	0,000E+00	0,000E+00	
2,408E+01	1,189E-02	0,000E+00	0,000E+00	
2,412E+01	1,190E-02	0,000E+00	0,000E+00	
2,416E+01	1,191E-02	0,000E+00	0,000E+00	
2,420E+01	1,193E-02	0,000E+00	0,000E+00	
2,424E+01	1,194E-02	0,000E+00	0,000E+00	
2,428E+01	1,195E-02	0,000E+00	0,000E+00	
2,432E+01	1,195E-02	0,000E+00	0,000E+00	
2,436E+01	1,195E-02	0,000E+00	0,000E+00	
2,440E+01	1,194E-02	0,000E+00	0,000E+00	
2,444E+01	1,192E-02	0,000E+00	0,000E+00	
2,448E+01	1,190E-02	0,000E+00	0,000E+00	
2,452E+01	1,186E-02	0,000E+00	0,000E+00	
2,456E+01	1,183E-02	0,000E+00	0,000E+00	
2,460E+01	1,179E-02	0,000E+00	0,000E+00	
2,464E+01	1,175E-02	0,000E+00	0,000E+00	
2,468E+01	1,172E-02	0,000E+00	0,000E+00	
2,472E+01	1,170E-02	0,000E+00	0,000E+00	
2,476E+01	1,168E-02	0,000E+00	0,000E+00	
2,480E+01	1,169E-02	0,000E+00	0,000E+00	
2,484E+01	1,170E-02	0,000E+00	0,000E+00	
2,488E+01	1,173E-02	0,000E+00	0,000E+00	
2,492E+01	1,176E-02	0,000E+00	0,000E+00	
2,496E+01	1,181E-02	0,000E+00	0,000E+00	
2,500E+01	1,185E-02	0,000E+00	0,000E+00	
2,504E+01	1,190E-02	0,000E+00	0,000E+00	
2,508E+01	1,194E-02	0,000E+00	0,000E+00	
2,512E+01	1,198E-02	0,000E+00	0,000E+00	
2,516E+01	1,201E-02	0,000E+00	0,000E+00	
2,520E+01	1,203E-02	0,000E+00	0,000E+00	
2,524E+01	1,204E-02	0,000E+00	0,000E+00	
2,528E+01	1,205E-02	0,000E+00	0,000E+00	
2,532E+01	1,204E-02	0,000E+00	0,000E+00	
2,536E+01	1,204E-02	0,000E+00	0,000E+00	
2,540E+01	1,203E-02	0,000E+00	0,000E+00	
2,544E+01	1,203E-02	0,000E+00	0,000E+00	
2,548E+01	1,203E-02	0,000E+00	0,000E+00	
2,552E+01	1,204E-02	0,000E+00	0,000E+00	
2,556E+01	1,205E-02	0,000E+00	0,000E+00	
2,560E+01	1,207E-02	0,000E+00	0,000E+00	
2,564E+01	1,209E-02	0,000E+00	0,000E+00	
2,568E+01	1,211E-02	0,000E+00	0,000E+00	
2,572E+01	1,213E-02	0,000E+00	0,000E+00	
2,576E+01	1,214E-02	0,000E+00	0,000E+00	
2,580E+01	1,214E-02	0,000E+00	0,000E+00	
2,584E+01	1,213E-02	0,000E+00	0,000E+00	
2,588E+01	1,212E-02	0,000E+00	0,000E+00	
2,592E+01	1,210E-02	0,000E+00	0,000E+00	
2,596E+01	1,209E-02	0,000E+00	0,000E+00	
2,600E+01	1,207E-02	0,000E+00	0,000E+00	
2,604E+01	1,206E-02	0,000E+00	0,000E+00	
2,608E+01	1,205E-02	0,000E+00	0,000E+00	
2,612E+01	1,205E-02	0,000E+00	0,000E+00	
2,616E+01	1,205E-02	0,000E+00	0,000E+00	
2,620E+01	1,205E-02	0,000E+00	0,000E+00	
2,624E+01	1,206E-02	0,000E+00	0,000E+00	
2,628E+01	1,206E-02	0,000E+00	0,000E+00	
2,632E+01	1,206E-02	0,000E+00	0,000E+00	
2,636E+01	1,205E-02	0,000E+00	0,000E+00	
2,640E+01	1,204E-02	0,000E+00	0,000E+00	
2,644E+01	1,201E-02	0,000E+00	0,000E+00	
2,648E+01	1,199E-02	0,000E+00	0,000E+00	
2,652E+01	1,195E-02	0,000E+00	0,000E+00	
2,656E+01	1,191E-02	0,000E+00	0,000E+00	
2,660E+01	1,187E-02	0,000E+00	0,000E+00	
2,664E+01	1,183E-02	0,000E+00	0,000E+00	
2,668E+01	1,179E-02	0,000E+00	0,000E+00	
2,672E+01	1,176E-02	0,000E+00	0,000E+00	
2,676E+01	1,173E-02	0,000E+00	0,000E+00	
2,680E+01	1,172E-02	0,000E+00	0,000E+00	
2,684E+01	1,172E-02	0,000E+00	0,000E+00	
2,688E+01	1,173E-02	0,000E+00	0,000E+00	
2,692E+01	1,177E-02	0,000E+00	0,000E+00	
2,696E+01	1,181E-02	0,000E+00	0,000E+00	
2,700E+01	1,187E-02	0,000E+00	0,000E+00	
2,704E+01	1,193E-02	0,000E+00	0,000E+00	
2,708E+01	1,200E-02	0,000E+00	0,000E+00	
2,712E+01	1,206E-02	0,000E+00	0,000E+00	
2,716E+01	1,211E-02	0,000E+00	0,000E+00	
2,720E+01	1,215E-02	0,000E+00	0,000E+00	
2,724E+01	1,217E-02	0,000E+00	0,000E+00	
2,728E+01	1,217E-02	0,000E+00	0,000E+00	
2,732E+01	1,214E-02	0,000E+00	0,000E+00	
2,736E+01	1,210E-02	0,000E+00	0,000E+00	
2,740E+01	1,204E-02	0,000E+00	0,000E+00	
2,744E+01	1,197E-02	0,000E+00	0,000E+00	
2,748E+01	1,189E-02	0,000E+00	0,000E+00	
2,752E+01	1,181E-02	0,000E+00	0,000E+00	
2,756E+01	1,174E-02	0,000E+00	0,000E+00	
2,760E+01	1,167E-02	0,000E+00	0,000E+00	
2,764E+01	1,162E-02	0,000E+00	0,000E+00	
2,768E+01	1,159E-02	0,000E+00	0,000E+00	
2,772E+01	1,157E-02	0,000E+00	0,000E+00	
2,776E+01	1,157E-02	0,000E+00	0,000E+00	
2,780E+01	1,158E-02	0,000E+00	0,000E+00	
2,784E+01	1,161E-02	0,000E+00	0,000E+00	
2,788E+01	1,165E-02	0,000E+00	0,000E+00	
2,792E+01	1,169E-02	0,000E+00	0,000E+00	
2,796E+01	1,173E-02	0,000E+00	0,000E+00	
2,800E+01	1,176E-02	0,000E+00	0,000E+00	
2,804E+01	1,179E-02	0,000E+00	0,000E+00	
2,808E+01	1,181E-02	0,000E+00	0,000E+00	
2,812E+01	1,182E-02	0,000E+00	0,000E+00	
2,816E+01	1,182E-02	0,000E+00	0,000E+00	
2,820E+01	1,181E-02	0,000E+00	0,000E+00	
2,824E+01	1,180E-02	0,000E+00	0,000E+00	
2,828E+01	1,179E-02	0,000E+00	0,000E+00	
2,832E+01	1,177E-02	0,000E+00	0,000E+00	
2,836E+01	1,177E-02	0,000E+00	0,000E+00	
2,840E+01	1,177E-02	0,000E+00	0,000E+00	
2,844E+01	1,178E-02	0,000E+00	0,000E+00	
2,848E+01	1,180E-02	0,000E+00	0,000E+00	
2,852E+01	1,184E-02	0,000E+00	0,000E+00	
2,856E+01	1,189E-02	0,000E+00	0,000E+00	
2,860E+01	1,196E-02	0,000E+00	0,000E+00	
2,864E+01	1,203E-02	0,000E+00	0,000E+00	
2,868E+01	1,211E-02	0,000E+00	0,000E+00	
2,872E+01	1,219E-02	0,000E+00	0,000E+00	
2,876E+01	1,227E-02	0,000E+00	0,000E+00	
2,880E+01	1,234E-02	0,000E+00	0,000E+00	
2,884E+01	1,238E-02	0,000E+00	0,000E+00	
2,888E+01	1,240E-02	0,000E+00	0,000E+00	
2,892E+01	1,238E-02	0,000E+00	0,000E+00	
2,896E+01	1,230E-02	0,000E+00	0,000E+00	
2,900E+01	1,217E-02	0,000E+00	0,000E+00	
2,904E+01	1,196E-02	0,000E+00	0,000E+00	
2,908E+01	1,168E-02	0,000E+00	0,000E+00	
2,912E+01	1,132E-02	0,000E+00	0,000E+00	
2,916E+01	1,088E-02	0,000E+00	0,000E+00	
2,920E+01	1,037E-02	0,000E+00	0,000E+00	
2,924E+01	9,811E-03	0,000E+00	0,000E+00	
2,928E+01	9,250E-03	0,000E+00	0,000E+00	
2,932E+01	8,739E-03	0,000E+00	0,000E+00	
2,936E+01	8,357E-03	0,000E+00	0,000E+00	
2,940E+01	8,204E-03	0,000E+00	0,000E+00	
2,944E+01	8,405E-03	0,000E+00	0,000E+00	
2,948E+01	9,104E-03	0,000E+00	0,000E+00	
2,952E+01	1,046E-02	0,000E+00	0,000E+00	
2,956E+01	1,264E-02	0,000E+00	0,000E+00	
2,960E+01	1,580E-02	0,000E+00	0,000E+00	
2,964E+01	2,009E-02	0,000E+00	0,000E+00	
2,968E+01	2,562E-02	0,000E+00	0,000E+00	
2,972E+01	3,246E-02	0,000E+00	0,000E+00	
2,976E+01	4,065E-02	0,000E+00	0,000E+00	
2,980E+01	5,013E-02	0,000E+00	0,000E+00	
2,984E+01	6,080E-02	0,000E+00	0,000E+00	
2,988E+01	7,252E-02	0,000E+00	0,000E+00	
2,992E+01	8,506E-02	0,000E+00	0,000E+00	
2,996E+01	9,817E-02	0,000E+00	0,000E+00	
3,000E+01	1,115E-01	0,000E+00	0,000E+00	
3,004E+01	1,248E-01	0,000E+00	0,000E+00	
3,008E+01	1,377E-01	0,000E+00	0,000E+00	
3,012E+01	1,497E-01	0,000E+00	0,000E+00	
3,016E+01	1,606E-01	0,000E+00	0,000E+00	
3,020E+01	1,701E-01	0,000E+00	0,000E+00	
3,024E+01	1,778E-01	0,000E+00	0,000E+00	
3,028E+01	1,836E-01	0,000E+00	0,000E+00	
3,032E+01	1,873E-01	0,000E+00	0,000E+00	
3,036E+01	1,889E-01	0,000E+00	0,000E+00	
3,040E+01	1,884E-01	0,000E+00	0,000E+00	
3,044E+01	1,860E-01	0,000E+00	0,000E+00	
3,048E+01	1,819E-01	0,000E+00	0,000E+00	
3,052E+01	1,765E-01	0,000E+00	0,000E+00	
3,056E+01	1,701E-01	0,000E+00	0,000E+00	
3,060E+01	1,630E-01	0,000E+00	0,000E+00	
3,064E+01	1,556E-01	0,000E+00	0,000E+00	
3,068E+01	1,482E-01	0,000E+00	0,000E+00	
3,072E+01	1,411E-01	0,000E+00	0,000E+00	
3,076E+01	1,344E-01	0,000E+00	0,000E+00	
3,080E+01	1,284E-01	0,000E+00	0,000E+00	
3,084E+01	1,229E-01	0,000E+00	0,000E+00	
3,088E+01	1,182E-01	0,000E+00	0,000E+00	
3,092E+01	1,141E-01	0,000E+00	0,000E+00	
3,096E+01	1,105E-01	0,000E+00	0,000E+00	
3,100E+01	1,073E-01	0,000E+00	0,000E+00	
3,104E+01	1,045E-01	0,000E+00	0,000E+00	
3,108E+01	1,019E-01	0,000E+00	0,000E+00	
3,112E+01	9,946E-02	0,000E+00	0,000E+00	
3,116E+01	9,703E-02	0,000E+00	0,000E+00	
3,120E+01	9,455E-02	0,000E+00	0,000E+00	
3,124E+01	9,194E-02	0,000E+00	0,000E+00	
3,128E+01	8,914E-02	0,000E+00	0,000E+00	
3,132E+01	8,610E-02	0,000E+00	0,000E+00	
3,136E+01	8,282E-02	0,000E+00	0,000E+00	
3,140E+01	7,928E-02	0,000E+00	0,000E+00	
3,144E+01	7,552E-02	0,000E+00	0,000E+00	
3,148E+01	7,158E-02	0,000E+00	0,000E+00	
3,152E+01	6,755E-02	0,000E+00	0,000E+00	
3,156E+01	6,352E-02	0,000E+00	0,000E+00	
3,160E+01	5,959E-02	0,000E+00	0,000E+00	
3,164E+01	5,587E-02	0,000E+00	0,000E+00	
3,168E+01	5,244E-02	0,000E+00	0,000E+00	
3,172E+01	4,939E-02	0,000E+00	0,000E+00	
3,176E+01	4,674E-02	0,000E+00	0,000E+00	
3,180E+01	4,449E-02	0,000E+00	0,000E+00	
3,184E+01	4,262E-02	0,000E+00	0,000E+00	
3,188E+01	4,105E-02	0,000E+00	0,000E+00	
3,192E+01	3,971E-02	0,000E+00	0,000E+00	
3,196E+01	3,850E-02	0,000E+00	0,000E+00	
3,200E+01	3,732E-02	0,000E+00	0,000E+00	
3,204E+01	3,611E-02	0,000E+00	0,000E+00	
3,208E+01	3,481E-02	0,000E+00	0,000E+00	
3,212E+01	3,341E-02	0,000E+00	0,000E+00	
3,216E+01	3,191E-02	0,000E+00	0,000E+00	
3,220E+01	3,036E-02	0,000E+00	0,000E+00	
3,224E+01	2,879E-02	0,000E+00	0,000E+00	
3,228E+01	2,726E-02	0,000E+00	0,000E+00	
3,232E+01	2,583E-02	0,000E+00	0,000E+00	
3,236E+01	2,452E-02	0,000E+00	0,000E+00	
3,240E+01	2,336E-02	0,000E+00	0,000E+00	
3,244E+01	2,235E-02	0,000E+00	0,000E+00	
3,248E+01	2,145E-02	0,000E+00	0,000E+00	
3,252E+01	2,064E-02	0,000E+00	0,000E+00	
3,256E+01	1,987E-02	0,000E+00	0,000E+00	
3,260E+01	1,911E-02	0,000E+00	0,000E+00	
3,264E+01	1,835E-02	0,000E+00	0,000E+00	
3,268E+01	1,756E-02	0,000E+00	0,000E+00	
3,272E+01	1,677E-02	0,000E+00	0,000E+00	
3,276E+01	1,598E-02	0,000E+00	0,000E+00	
3,280E+01	1,523E-02	0,000E+00	0,000E+00	
3,284E+01	1,456E-02	0,000E+00	0,000E+00	
3,288E+01	1,400E-02	0,000E+00	0,000E+00	
3,292E+01	1,356E-02	0,000E+00	0,000E+00	
3,296E+01	1,326E-02	0,000E+00	0,000E+00	
3,300E+01	1,307E-02	0,000E+00	0,000E+00	
3,304E+01	1,299E-02	0,000E+00	0,000E+00	
3,308E+01	1,297E-02	0,000E+00	0,000E+00	
3,312E+01	1,298E-02	0,000E+00	0,000E+00	
3,316E+01	1,299E-02	0,000E+00	0,000E+00	
3,320E+01	1,298E-02	0,000E+00	0,000E+00	
3,324E+01	1,293E-02	0,000E+00	0,000E+00	
3,328E+01	1,283E-02	0,000E+00	0,000E+00	
3,332E+01	1,270E-02	0,000E+00	0,000E+00	
3,336E+01	1,255E-02	0,000E+00	0,000E+00	
3,340E+01	1,239E-02	0,000E+00	0,000E+00	
3,344E+01	1,226E-02	0,000E+00	0,000E+00	
3,348E+01	1,215E-02	0,000E+00	0,000E+00	
3,352E+01	1,208E-02	0,000E+00	0,000E+00	
3,356E+01	1,205E-02	0,000E+00	0,000E+00	
3,360E+01	1,206E-02	0,000E+00	0,000E+00	
3,364E+01	1,208E-02	0,000E+00	0,000E+00	
3,368E+01	1,210E-02	0,000E+00	0,000E+00	
3,372E+01	1,211E-02	0,000E+00	0,000E+00	
3,376E+01	1,210E-02	0,000E+00	0,000E+00	
3,380E+01	1,206E-02	0,000E+00	0,000E+00	
3,384E+01	1,199E-02	0,000E+00	0,000E+00	
3,388E+01	1,190E-02	0,000E+00	0,000E+00	
3,392E+01	1,180E-02	0,000E+00	0,000E+00	
3,396E+01	1,169E-02	0,000E+00	0,000E+00	
3,400E+01	1,160E-02	0,000E+00	0,000E+00	
3,404E+01	1,152E-02	0,000E+00	0,000E+00	
3,408E+01	1,148E-02	0,000E+00	0,000E+00	
3,412E+01	1,147E-02	0,000E+00	0,000E+00	
3,416E+01	1,148E-02	0,000E+00	0,000E+00	
3,420E+01	1,152E-02	0,000E+00	0,000E+00	
3,424E+01	1,158E-02	0,000E+00	0,000E+00	
3,428E+01	1,164E-02	0,000E+00	0,000E+00	
3,432E+01	1,171E-02	0,000E+00	0,000E+00	
3,436E+01	1,177E-02	0,000E+00	0,000E+00	
3,440E+01	1,182E-02	0,000E+00	0,000E+00	
3,444E+01	1,186E-02	0,000E+00	0,000E+00	
3,448E+01	1,190E-02	0,000E+00	0,000E+00	
3,452E+01	1,193E-02	0,000E+00	0,000E+00	
3,456E+01	1,196E-02	0,000E+00	0,000E+00	
3,460E+01	1,199E-02	0,000E+00	0,000E+00	
3,464E+01	1,202E-02	0,000E+00	0,000E+00	
3,468E+01	1,206E-02	0,000E+00	0,000E+00	
3,472E+01	1,209E-02	0,000E+00	0,000E+00	
3,476E+01	1,213E-02	0,000E+00	0,000E+00	
3,480E+01	1,216E-02	0,000E+00	0,000E+00	
3,484E+01	1,217E-02	0,000E+00	0,000E+00	
3,488E+01	1,217E-02	0,000E+00	0,000E+00	
3,492E+01	1,215E-02	0,000E+00	0,000E+00	
3,496E+01	1,210E-02	0,000E+00	0,000E+00	
3,500E+01	1,204E-02	0,000E+00	0,000E+00	
3,504E+01	1,197E-02	0,000E+00	0,000E+00	
3,508E+01	1,189E-02	0,000E+00	0,000E+00	
3,512E+01	1,180E-02	0,000E+00	0,000E+00	
3,516E+01	1,171E-02	0,000E+00	0,000E+00	
3,520E+01	1,163E-02	0,000E+00	0,000E+00	
3,524E+01	1,156E-02	0,000E+00	0,000E+00	
3,528E+01	1,151E-02	0,000E+00	0,000E+00	
3,532E+01	1,147E-02	0,000E+00	0,000E+00	
3,536E+01	1,145E-02	0,000E+00	0,000E+00	
3,540E+01	1,144E-02	0,000E+00	0,000E+00	
3,544E+01	1,145E-02	0,000E+00	0,000E+00	
3,548E+01	1,147E-02	0,000E+00	0,000E+00	
3,552E+01	1,149E-02	0,000E+00	0,000E+00	
3,556E+01	1,153E-02	0,000E+00	0,000E+00	
3,560E+01	1,156E-02	0,000E+00	0,000E+00	
3,564E+01	1,159E-02	0,000E+00	0,000E+00	
3,568E+01	1,163E-02	0,000E+00	0,000E+00	
3,572E+01	1,165E-02	0,000E+00	0,000E+00	
3,576E+01	1,167E-02	0,000E+00	0,000E+00	
3,580E+01	1,168E-02	0,000E+00	0,000E+00	
3,584E+01	1,168E-02	0,000E+00	0,000E+00	
3,588E+01	1,167E-02	0,000E+00	0,000E+00	
3,592E+01	1,165E-02	0,000E+00	0,000E+00	
3,596E+01	1,162E-02	0,000E+00	0,000E+00	
3,600E+01	1,159E-02	0,000E+00	0,000E+00	
3,604E+01	1,155E-02	0,000E+00	0,000E+00	
3,608E+01	1,152E-02	0,000E+00	0,000E+00	
3,612E+01	1,150E-02	0,000E+00	0,000E+00	
3,616E+01	1,149E-02	0,000E+00	0,000E+00	
3,620E+01	1,149E-02	0,000E+00	0,000E+00	
3,624E+01	1,152E-02	0,000E+00	0,000E+00	
3,628E+01	1,156E-02	0,000E+00	0,000E+00	
3,632E+01	1,162E-02	0,000E+00	0,000E+00	
3,636E+01	1,170E-02	0,000E+00	0,000E+00	
3,640E+01	1,179E-02	0,000E+00	0,000E+00	
3,644E+01	1,189E-02	0,000E+00	0,000E+00	
3,648E+01	1,198E-02	0,000E+00	0,000E+00	
3,652E+01	1,207E-02	0,000E+00	0,000E+00	
3,656E+01	1,215E-02	0,000E+00	0,000E+00	
3,660E+01	1,221E-02	0,000E+00	0,000E+00	
3,664E+01	1,225E-02	0,000E+00	0,000E+00	
3,668E+01	1,227E-02	0,000E+00	0,000E+00	
3,672E+01	1,226E-02	0,000E+00	0,000E+00	
3,676E+01	1,224E-02	0,000E+00	0,000E+00	
3,680E+01	1,221E-02	0,000E+00	0,000E+00	
3,684E+01	1,217E-02	0,000E+00	0,000E+00	
3,688E+01	1,213E-02	0,000E+00	0,000E+00	
3,692E+01	1,210E-02	0,000E+00	0,000E+00	
3,696E+01	1,207E-02	0,000E+00	0,000E+00	
3,700E+01	1,206E-02	0,000E+00	0,000E+00	
3,704E+01	1,205E-02	0,000E+00	0,000E+00	
3,708E+01	1,206E-02	0,000E+00	0,000E+00	
3,712E+01	1,209E-02	0,000E+00	0,000E+00	
3,716E+01	1,211E-02	0,000E+00	0,000E+00	
3,720E+01	1,214E-02	0,000E+00	0,000E+00	
3,724E+01	1,217E-02	0,000E+00	0,000E+00	
3,728E+01	1,219E-02	0,000E+00	0,000E+00	
3,732E+01	1,221E-02	0,000E+00	0,000E+00	
3,736E+01	1,221E-02	0,000E+00	0,000E+00	
3,740E+01	1,220E-02	0,000E+00	0,000E+00	
3,744E+01	1,217E-02	0,000E+00	0,000E+00	
3,748E+01	1,214E-02	0,000E+00	0,000E+00	
3,752E+01	1,210E-02	0,000E+00	0,000E+00	
3,756E+01	1,206E-02	0,000E+00	0,000E+00	
3,760E+01	1,202E-02	0,000E+00	0,000E+00	
3,764E+01	1,198E-02	0,000E+00	0,000E+00	
3,768E+01	1,195E-02	0,000E+00	0,000E+00	
3,772E+01	1,192E-02	0,000E+00	0,000E+00	
3,776E+01	1,189E-02	0,000E+00	0,000E+00	
3,780E+01	1,187E-02	0,000E+00	0,000E+00	
3,784E+01	1,185E-02	0,000E+00	0,000E+00	
3,788E+01	1,182E-02	0,000E+00	0,000E+00	
3,792E+01	1,179E-02	0,000E+00	0,000E+00	
3,796E+01	1,176E-02	0,000E+00	0,000E+00	
3,800E+01	1,172E-02	0,000E+00	0,000E+00	
3,804E+01	1,167E-02	0,000E+00	0,000E+00	
3,808E+01	1,163E-02	0,000E+00	0,000E+00	
3,812E+01	1,159E-02	0,000E+00	0,000E+00	
3,816E+01	1,155E-02	0,000E+00	0,000E+00	
3,820E+01	1,153E-02	0,000E+00	0,000E+00	
3,824E+01	1,151E-02	0,000E+00	0,000E+00	
3,828E+01	1,151E-02	0,000E+00	0,000E+00	
3,832E+01	1,153E-02	0,000E+00	0,000E+00	
3,836E+01	1,156E-02	0,000E+00	0,000E+00	
3,840E+01	1,161E-02	0,000E+00	0,000E+00	
3,844E+01	1,167E-02	0,000E+00	0,000E+00	
3,848E+01	1,174E-02	0,000E+00	0,000E+00	
3,852E+01	1,181E-02	0,000E+00	0,000E+00	
3,856E+01	1,188E-02	0,000E+00	0,000E+00	
3,860E+01	1,194E-02	0,000E+00	0,000E+00	
3,864E+01	1,200E-02	0,000E+00	0,000E+00	
3,868E+01	1,205E-02	0,000E+00	0,000E+00	
3,872E+01	1,208E-02	0,000E+00	0,000E+00	
3,876E+01	1,209E-02	0,000E+00	0,000E+00	
3,880E+01	1,209E-02	0,000E+00	0,000E+00	
3,884E+01	1,207E-02	0,000E+00	0,000E+00	
3,888E+01	1,203E-02	0,000E+00	0,000E+00	
3,892E+01	1,199E-02	0,000E+00	0,000E+00	
3,896E+01	1,194E-02	0,000E+00	0,000E+00	
3,900E+01	1,189E-02	0,000E+00	0,000E+00	
3,904E+01	1,184E-02	0,000E+00	0,000E+00	
3,908E+01	1,180E-02	0,000E+00	0,000E+00	
3,912E+01	1,176E-02	0,000E+00	0,000E+00	
3,916E+01	1,174E-02	0,000E+00	0,000E+00	
3,920E+01	1,173E-02	0,000E+00	0,000E+00	
3,924E+01	1,173E-02	0,000E+00	0,000E+00	
3,928E+01	1,174E-02	0,000E+00	0,000E+00	
3,932E+01	1,176E-02	0,000E+00	0,000E+00	
3,936E+01	1,179E-02	0,000E+00	0,000E+00	
3,940E+01	1,182E-02	0,000E+00	0,000E+00	
3,944E+01	1,185E-02	0,000E+00	0,000E+00	
3,948E+01	1,188E-02	0,000E+00	0,000E+00	
3,952E+01	1,190E-02	0,000E+00	0,000E+00	
3,956E+01	1,192E-02	0,000E+00	0,000E+00	
3,960E+01	1,192E-02	0,000E+00	0,000E+00	
3,964E+01	1,191E-02	0,000E+00	0,000E+00	
3,968E+01	1,190E-02	0,000E+00	0,000E+00	
3,972E+01	1,187E-02	0,000E+00	0,000E+00	
3,976E+01	1,183E-02	0,000E+00	0,000E+00	
3,980E+01	1,179E-02	0,000E+00	0,000E+00	
3,984E+01	1,174E-02	0,000E+00	0,000E+00	
3,988E+01	1,170E-02	0,000E+00	0,000E+00	
3,992E+01	1,166E-02	0,000E+00	0,000E+00	
3,996E+01	1,163E-02	0,000E+00	0,000E+00	
4,000E+01	1,161E-02	0,000E+00	0,000E+00	
4,004E+01	1,161E-02	0,000E+00	0,000E+00	
4,008E+01	1,161E-02	0,000E+00	0,000E+00	
4,012E+01	1,163E-02	0,000E+00	0,000E+00	
4,016E+01	1,166E-02	0,000E+00	0,000E+00	
4,020E+01	1,171E-02	0,000E+00	0,000E+00	
4,024E+01	1,175E-02	0,000E+00	0,000E+00	
4,028E+01	1,180E-02	0,000E+00	0,000E+00	
4,032E+01	1,186E-02	0,000E+00	0,000E+00	
4,036E+01	1,191E-02	0,000E+00	0,000E+00	
4,040E+01	1,196E-02	0,000E+00	0,000E+00	
4,044E+01	1,201E-02	0,000E+00	0,000E+00	
4,048E+01	1,205E-02	0,000E+00	0,000E+00	
4,052E+01	1,209E-02	0,000E+00	0,000E+00	
4,056E+01	1,212E-02	0,000E+00	0,000E+00	
4,060E+01	1,214E-02	0,000E+00	0,000E+00	
4,064E+01	1,216E-02	0,000E+00	0,000E+00	
4,068E+01	1,216E-02	0,000E+00	0,000E+00	
4,072E+01	1,216E-02	0,000E+00	0,000E+00	
4,076E+01	1,216E-02	0,000E+00	0,000E+00	
4,080E+01	1,214E-02	0,000E+00	0,000E+00	
4,084E+01	1,212E-02	0,000E+00	0,000E+00	
4,088E+01	1,210E-02	0,000E+00	0,000E+00	
4,092E+01	1,207E-02	0,000E+00	0,000E+00	
4,096E+01	1,204E-02	0,000E+00	0,000E+00	
4,100E+01	1,201E-02	0,000E+00	0,000E+00	
4,104E+01	1,198E-02	0,000E+00	0,000E+00	
4,108E+01	1,196E-02	0,000E+00	0,000E+00	
4,112E+01	1,193E-02	0,000E+00	0,000E+00	
4,116E+01	1,191E-02	0,000E+00	0,000E+00	
4,120E+01	1,188E-02	0,000E+00	0,000E+00	
4,124E+01	1,186E-02	0,000E+00	0,000E+00	
4,128E+01	1,184E-02	0,000E+00	0,000E+00	
4,132E+01	1,182E-02	0,000E+00	0,000E+00	
4,136E+01	1,181E-02	0,000E+00	0,000E+00	
4,140E+01	1,180E-02	0,000E+00	0,000E+00	
4,144E+01	1,180E-02	0,000E+00	0,000E+00	
4,148E+01	1,181E-02	0,000E+00	0,000E+00	
4,152E+01	1,182E-02	0,000E+00	0,000E+00	
4,156E+01	1,185E-02	0,000E+00	0,000E+00	
4,160E+01	1,188E-02	0,000E+00	0,000E+00	
4,164E+01	1,191E-02	0,000E+00	0,000E+00	
4,168E+01	1,195E-02	0,000E+00	0,000E+00	
4,172E+01	1,199E-02	0,000E+00	0,000E+00	
4,176E+01	1,201E-02	0,000E+00	0,000E+00	
4,180E+01	1,204E-02	0,000E+00	0,000E+00	
4,184E+01	1,205E-02	0,000E+00	0,000E+00	
4,188E+01	1,205E-02	0,000E+00	0,000E+00	
4,192E+01	1,205E-02	0,000E+00	0,000E+00	
4,196E+01	1,203E-02	0,000E+00	0,000E+00	
4,200E+01	1,201E-02	0,000E+00	0,000E+00	
4,204E+01	1,199E-02	0,000E+00	0,000E+00	
4,208E+01	1,197E-02	0,000E+00	0,000E+00	
4,212E+01	1,196E-02	0,000E+00	0,000E+00	
4,216E+01	1,194E-02	0,000E+00	0,000E+00	
4,220E+01	1,193E-02	0,000E+00	0,000E+00	
4,224E+01	1,192E-02	0,000E+00	0,000E+00	
4,228E+01	1,192E-02	0,000E+00	0,000E+00	
4,232E+01	1,192E-02	0,000E+00	0,000E+00	
4,236E+01	1,192E-02	0,000E+00	0,000E+00	
4,240E+01	1,191E-02	0,000E+00	0,000E+00	
4,244E+01	1,191E-02	0,000E+00	0,000E+00	
4,248E+01	1,190E-02	0,000E+00	0,000E+00	
4,252E+01	1,190E-02	0,000E+00	0,000E+00	
4,256E+01	1,189E-02	0,000E+00	0,000E+00	
4,260E+01	1,189E-02	0,000E+00	0,000E+00	
4,264E+01	1,189E-02	0,000E+00	0,000E+00	
4,268E+01	1,190E-02	0,000E+00	0,000E+00	
4,272E+01	1,190E-02	0,000E+00	0,000E+00	
4,276E+01	1,191E-02	0,000E+00	0,000E+00	
4,280E+01	1,193E-02	0,000E+00	0,000E+00	
4,284E+01	1,194E-02	0,000E+00	0,000E+00	
4,288E+01	1,195E-02	0,000E+00	0,000E+00	
4,292E+01	1,197E-02	0,000E+00	0,000E+00	
4,296E+01	1,198E-02	0,000E+00	0,000E+00	
4,300E+01	1,198E-02	0,000E+00	0,000E+00	
4,304E+01	1,198E-02	0,000E+00	0,000E+00	
4,308E+01	1,197E-02	0,000E+00	0,000E+00	
4,312E+01	1,196E-02	0,000E+00	0,000E+00	
4,316E+01	1,193E-02	0,000E+00	0,000E+00	
4,320E+01	1,190E-02	0,000E+00	0,000E+00	
4,324E+01	1,187E-02	0,000E+00	0,000E+00	
4,328E+01	1,182E-02	0,000E+00	0,000E+00	
4,332E+01	1,177E-02	0,000E+00	0,000E+00	
4,336E+01	1,172E-02	0,000E+00	0,000E+00	
4,340E+01	1,166E-02	0,000E+00	0,000E+00	
4,344E+01	1,160E-02	0,000E+00	0,000E+00	
4,348E+01	1,154E-02	0,000E+00	0,000E+00	
4,352E+01	1,148E-02	0,000E+00	0,000E+00	
4,356E+01	1,143E-02	0,000E+00	0,000E+00	
4,360E+01	1,137E-02	0,000E+00	0,000E+00	
4,364E+01	1,133E-02	0,000E+00	0,000E+00	
4,368E+01	1,130E-02	0,000E+00	0,000E+00	
4,372E+01	1,128E-02	0,000E+00	0,000E+00	
4,376E+01	1,127E-02	0,000E+00	0,000E+00	
4,380E+01	1,127E-02	0,000E+00	0,000E+00	
4,384E+01	1,129E-02	0,000E+00	0,000E+00	
4,388E+01	1,131E-02	0,000E+00	0,000E+00	
4,392E+01	1,134E-02	0,000E+00	0,000E+00	
4,396E+01	1,138E-02	0,000E+00	0,000E+00	
4,400E+01	1,143E-02	0,000E+00	0,000E+00	
4,404E+01	1,147E-02	0,000E+00	0,000E+00	
4,408E+01	1,152E-02	0,000E+00	0,000E+00	
4,412E+01	1,158E-02	0,000E+00	0,000E+00	
4,416E+01	1,163E-02	0,000E+00	0,000E+00	
4,420E+01	1,169E-02	0,000E+00	0,000E+00	
4,424E+01	1,175E-02	0,000E+00	0,000E+00	
4,428E+01	1,181E-02	0,000E+00	0,000E+00	
4,432E+01	1,188E-02	0,000E+00	0,000E+00	
4,436E+01	1,194E-02	0,000E+00	0,000E+00	
4,440E+01	1,201E-02	0,000E+00	0,000E+00	
4,444E+01	1,207E-02	0,000E+00	0,000E+00	
4,448E+01	1,212E-02	0,000E+00	0,000E+00	
4,452E+01	1,217E-02	0,000E+00	0,000E+00	
4,456E+01	1,221E-02	0,000E+00	0,000E+00	
4,460E+01	1,224E-02	0,000E+00	0,000E+00	
4,464E+01	1,226E-02	0,000E+00	0,000E+00	
4,468E+01	1,226E-02	0,000E+00	0,000E+00	
4,472E+01	1,225E-02	0,000E+00	0,000E+00	
4,476E+01	1,222E-02	0,000E+00	0,000E+00	
4,480E+01	1,218E-02	0,000E+00	0,000E+00	
4,484E+01	1,213E-02	0,000E+00	0,000E+00	
4,488E+01	1,207E-02	0,000E+00	0,000E+00	
4,492E+01	1,201E-02	0,000E+00	0,000E+00	
4,496E+01	1,195E-02	0,000E+00	0,000E+00	
4,500E+01	1,188E-02	0,000E+00	0,000E+00	
4,504E+01	1,183E-02	0,000E+00	0,000E+00	
4,508E+01	1,178E-02	0,000E+00	0,000E+00	
4,512E+01	1,173E-02	0,000E+00	0,000E+00	
4,516E+01	1,170E-02	0,000E+00	0,000E+00	
4,520E+01	1,169E-02	0,000E+00	0,000E+00	
4,524E+01	1,168E-02	0,000E+00	0,000E+00	
4,528E+01	1,169E-02	0,000E+00	0,000E+00	
4,532E+01	1,170E-02	0,000E+00	0,000E+00	
4,536E+01	1,172E-02	0,000E+00	0,000E+00	
4,540E+01	1,176E-02	0,000E+00	0,000E+00	
4,544E+01	1,179E-02	0,000E+00	0,000E+00	
4,548E+01	1,184E-02	0,000E+00	0,000E+00	
4,552E+01	1,188E-02	0,000E+00	0,000E+00	
4,556E+01	1,193E-02	0,000E+00	0,000E+00	
4,560E+01	1,198E-02	0,000E+00	0,000E+00	
4,564E+01	1,202E-02	0,000E+00	0,000E+00	
4,568E+01	1,207E-02	0,000E+00	0,000E+00	
4,572E+01	1,211E-02	0,000E+00	0,000E+00	
4,576E+01	1,215E-02	0,000E+00	0,000E+00	
4,580E+01	1,218E-02	0,000E+00	0,000E+00	
4,584E+01	1,220E-02	0,000E+00	0,000E+00	
4,588E+01	1,221E-02	0,000E+00	0,000E+00	
4,592E+01	1,222E-02	0,000E+00	0,000E+00	
4,596E+01	1,221E-02	0,000E+00	0,000E+00	
4,600E+01	1,220E-02	0,000E+00	0,000E+00	
4,604E+01	1,218E-02	0,000E+00	0,000E+00	
4,608E+01	1,215E-02	0,000E+00	0,000E+00	
4,612E+01	1,212E-02	0,000E+00	0,000E+00	
4,616E+01	1,208E-02	0,000E+00	0,000E+00	
4,620E+01	1,205E-02	0,000E+00	0,000E+00	
4,624E+01	1,201E-02	0,000E+00	0,000E+00	
4,628E+01	1,197E-02	0,000E+00	0,000E+00	
4,632E+01	1,194E-02	0,000E+00	0,000E+00	
4,636E+01	1,192E-02	0,000E+00	0,000E+00	
4,640E+01	1,190E-02	0,000E+00	0,000E+00	
4,644E+01	1,189E-02	0,000E+00	0,000E+00	
4,648E+01	1,188E-02	0,000E+00	0,000E+00	
4,652E+01	1,188E-02	0,000E+00	0,000E+00	
4,656E+01	1,188E-02	0,000E+00	0,000E+00	
4,660E+01	1,188E-02	0,000E+00	0,000E+00	
4,664E+01	1,188E-02	0,000E+00	0,000E+00	
4,668E+01	1,188E-02	0,000E+00	0,000E+00	
4,672E+01	1,188E-02	0,000E+00	0,000E+00	
4,676E+01	1,189E-02	0,000E+00	0,000E+00	
4,680E+01	1,190E-02	0,000E+00	0,000E+00	
4,684E+01	1,193E-02	0,000E+00	0,000E+00	
4,688E+01	1,198E-02	0,000E+00	0,000E+00	
4,692E+01	1,205E-02	0,000E+00	0,000E+00	
4,696E+01	1,214E-02	0,000E+00	0,000E+00	
4,700E+01	1,227E-02	0,000E+00	0,000E+00	
4,704E+01	1,243E-02	0,000E+00	0,000E+00	
4,708E+01	1,261E-02	0,000E+00	0,000E+00	
4,712E+01	1,282E-02	0,000E+00	0,000E+00	
4,716E+01	1,306E-02	0,000E+00	0,000E+00	
4,720E+01	1,330E-02	0,000E+00	0,000E+00	
4,724E+01	1,354E-02	0,000E+00	0,000E+00	
4,728E+01	1,375E-02	0,000E+00	0,000E+00	
4,732E+01	1,394E-02	0,000E+00	0,000E+00	
4,736E+01	1,407E-02	0,000E+00	0,000E+00	
4,740E+01	1,414E-02	0,000E+00	0,000E+00	
4,744E+01	1,413E-02	0,000E+00	0,000E+00	
4,748E+01	1,404E-02	0,000E+00	0,000E+00	
4,752E+01	1,386E-02	0,000E+00	0,000E+00	
4,756E+01	1,360E-02	0,000E+00	0,000E+00	
4,760E+01	1,327E-02	0,000E+00	0,000E+00	
4,764E+01	1,289E-02	0,000E+00	0,000E+00	
4,768E+01	1,246E-02	0,000E+00	0,000E+00	
4,772E+01	1,202E-02	0,000E+00	0,000E+00	
4,776E+01	1,158E-02	0,000E+00	0,000E+00	
4,780E+01	1,116E-02	0,000E+00	0,000E+00	
4,784E+01	1,078E-02	0,000E+00	0,000E+00	
4,788E+01	1,045E-02	0,000E+00	0,000E+00	
4,792E+01	1,017E-02	0,000E+00	0,000E+00	
4,796E+01	9,942E-03	0,000E+00	0,000E+00	
4,800E+01	9,758E-03	0,000E+00	0,000E+00	
4,804E+01	9,610E-03	0,000E+00	0,000E+00	
4,808E+01	9,490E-03	0,000E+00	0,000E+00	
4,812E+01	9,387E-03	0,000E+00	0,000E+00	
4,816E+01	9,296E-03	0,000E+00	0,000E+00	
4,820E+01	9,212E-03	0,000E+00	0,000E+00	
4,824E+01	9,136E-03	0,000E+00	0,000E+00	
4,828E+01	9,071E-03	0,000E+00	0,000E+00	
4,832E+01	9,023E-03	0,000E+00	0,000E+00	
4,836E+01	9,000E-03	0,000E+00	0,000E+00	
4,840E+01	9,007E-03	0,000E+00	0,000E+00	
4,844E+01	9,047E-03	0,000E+00	0,000E+00	
4,848E+01	9,121E-03	0,000E+00	0,000E+00	
4,852E+01	9,223E-03	0,000E+00	0,000E+00	
4,856E+01	9,344E-03	0,000E+00	0,000E+00	
4,860E+01	9,474E-03	0,000E+00	0,000E+00	
4,864E+01	9,599E-03	0,000E+00	0,000E+00	
4,868E+01	9,709E-03	0,000E+00	0,000E+00	
4,872E+01	9,795E-03	0,000E+00	0,000E+00	
4,876E+01	9,854E-03	0,000E+00	0,000E+00	
4,880E+01	9,883E-03	0,000E+00	0,000E+00	
4,884E+01	9,889E-03	0,000E+00	0,000E+00	
4,888E+01	9,877E-03	0,000E+00	0,000E+00	
4,892E+01	9,854E-03	0,000E+00	0,000E+00	
4,896E+01	9,827E-03	0,000E+00	0,000E+00	
4,900E+01	9,804E-03	0,000E+00	0,000E+00	
4,904E+01	9,789E-03	0,000E+00	0,000E+00	
4,908E+01	9,785E-03	0,000E+00	0,000E+00	
4,912E+01	9,794E-03	0,000E+00	0,000E+00	
4,916E+01	9,816E-03	0,000E+00	0,000E+00	
4,920E+01	9,852E-03	0,000E+00	0,000E+00	
4,924E+01	9,900E-03	0,000E+00	0,000E+00	
4,928E+01	9,959E-03	0,000E+00	0,000E+00	
4,932E+01	1,003E-02	0,000E+00	0,000E+00	
4,936E+01	1,010E-02	0,000E+00	0,000E+00	
4,940E+01	1,017E-02	0,000E+00	0,000E+00	
4,944E+01	1,024E-02	0,000E+00	0,000E+00	
4,948E+01	1,031E-02	0,000E+00	0,000E+00	
4,952E+01	1,039E-02	0,000E+00	0,000E+00	
4,956E+01	1,046E-02	0,000E+00	0,000E+00	
4,960E+01	1,055E-02	0,000E+00	0,000E+00	
4,964E+01	1,065E-02	0,000E+00	0,000E+00	
4,968E+01	1,078E-02	0,000E+00	0,000E+00	
4,972E+01	1,094E-02	0,000E+00	0,000E+00	
4,976E+01	1,113E-02	0,000E+00	0,000E+00	
4,980E+01	1,136E-02	0,000E+00	0,000E+00	
4,984E+01	1,162E-02	0,000E+00	0,000E+00	
4,988E+01	1,190E-02	0,000E+00	0,000E+00	
4,992E+01	1,220E-02	0,000E+00	0,000E+00	
4,996E+01	1,250E-02	0,000E+00	0,000E+00	
5,000E+01	1,280E-02	0,000E+00	0,000E+00	
5,004E+01	1,306E-02	0,000E+00	0,000E+00	
5,008E+01	1,329E-02	0,000E+00	0,000E+00	
5,012E+01	1,345E-02	0,000E+00	0,000E+00	
5,016E+01	1,353E-02	0,000E+00	0,000E+00	
5,020E+01	1,354E-02	0,000E+00	0,000E+00	
5,024E+01	1,345E-02	0,000E+00	0,000E+00	
5,028E+01	1,327E-02	0,000E+00	0,000E+00	
5,032E+01	1,301E-02	0,000E+00	0,000E+00	
5,036E+01	1,268E-02	0,000E+00	0,000E+00	
5,040E+01	1,232E-02	0,000E+00	0,000E+00	
5,044E+01	1,194E-02	0,000E+00	0,000E+00	
5,048E+01	1,157E-02	0,000E+00	0,000E+00	
5,052E+01	1,123E-02	0,000E+00	0,000E+00	
5,056E+01	1,095E-02	0,000E+00	0,000E+00	
5,060E+01	1,072E-02	0,000E+00	0,000E+00	
5,064E+01	1,056E-02	0,000E+00	0,000E+00	
5,068E+01	1,047E-02	0,000E+00	0,000E+00	
5,072E+01	1,043E-02	0,000E+00	0,000E+00	
5,076E+01	1,044E-02	0,000E+00	0,000E+00	
5,080E+01	1,048E-02	0,000E+00	0,000E+00	
5,084E+01	1,053E-02	0,000E+00	0,000E+00	
5,088E+01	1,058E-02	0,000E+00	0,000E+00	
5,092E+01	1,064E-02	0,000E+00	0,000E+00	
5,096E+01	1,069E-02	0,000E+00	0,000E+00	
5,100E+01	1,074E-02	0,000E+00	0,000E+00	
5,104E+01	1,080E-02	0,000E+00	0,000E+00	
5,108E+01	1,086E-02	0,000E+00	0,000E+00	
5,112E+01	1,094E-02	0,000E+00	0,000E+00	
5,116E+01	1,103E-02	0,000E+00	0,000E+00	
5,120E+01	1,114E-02	0,000E+00	0,000E+00	
5,124E+01	1,125E-02	0,000E+00	0,000E+00	
5,128E+01	1,135E-02	0,000E+00	0,000E+00	
5,132E+01	1,144E-02	0,000E+00	0,000E+00	
5,136E+01	1,151E-02	0,000E+00	0,000E+00	
5,140E+01	1,154E-02	0,000E+00	0,000E+00	
5,144E+01	1,154E-02	0,000E+00	0,000E+00	
5,148E+01	1,150E-02	0,000E+00	0,000E+00	
5,152E+01	1,144E-02	0,000E+00	0,000E+00	
5,156E+01	1,136E-02	0,000E+00	0,000E+00	
5,160E+01	1,127E-02	0,000E+00	0,000E+00	
5,164E+01	1,119E-02	0,000E+00	0,000E+00	
5,168E+01	1,112E-02	0,000E+00	0,000E+00	
5,172E+01	1,106E-02	0,000E+00	0,000E+00	
5,176E+01	1,103E-02	0,000E+00	0,000E+00	
5,180E+01	1,102E-02	0,000E+00	0,000E+00	
5,184E+01	1,102E-02	0,000E+00	0,000E+00	
5,188E+01	1,104E-02	0,000E+00	0,000E+00	
5,192E+01	1,107E-02	0,000E+00	0,000E+00	
5,196E+01	1,110E-02	0,000E+00	0,000E+00	
5,200E+01	1,114E-02	0,000E+00	0,000E+00	
5,204E+01	1,117E-02	0,000E+00	0,000E+00	
5,208E+01	1,119E-02	0,000E+00	0,000E+00	
5,212E+01	1,121E-02	0,000E+00	0,000E+00	
5,216E+01	1,122E-02	0,000E+00	0,000E+00	
5,220E+01	1,123E-02	0,000E+00	0,000E+00	
5,224E+01	1,123E-02	0,000E+00	0,000E+00	
5,228E+01	1,123E-02	0,000E+00	0,000E+00	
5,232E+01	1,124E-02	0,000E+00	0,000E+00	
5,236E+01	1,125E-02	0,000E+00	0,000E+00	
5,240E+01	1,126E-02	0,000E+00	0,000E+00	
5,244E+01	1,128E-02	0,000E+00	0,000E+00	
5,248E+01	1,131E-02	0,000E+00	0,000E+00	
5,252E+01	1,135E-02	0,000E+00	0,000E+00	
5,256E+01	1,140E-02	0,000E+00	0,000E+00	
5,260E+01	1,146E-02	0,000E+00	0,000E+00	
5,264E+01	1,154E-02	0,000E+00	0,000E+00	
5,268E+01	1,162E-02	0,000E+00	0,000E+00	
5,272E+01	1,171E-02	0,000E+00	0,000E+00	
5,276E+01	1,182E-02	0,000E+00	0,000E+00	
5,280E+01	1,192E-02	0,000E+00	0,000E+00	
5,284E+01	1,202E-02	0,000E+00	0,000E+00	
5,288E+01	1,211E-02	0,000E+00	0,000E+00	
5,292E+01	1,217E-02	0,000E+00	0,000E+00	
5,296E+01	1,221E-02	0,000E+00	0,000E+00	
5,300E+01	1,221E-02	0,000E+00	0,000E+00	
5,304E+01	1,218E-02	0,000E+00	0,000E+00	
5,308E+01	1,211E-02	0,000E+00	0,000E+00	
5,312E+01	1,200E-02	0,000E+00	0,000E+00	
5,316E+01	1,188E-02	0,000E+00	0,000E+00	
5,320E+01	1,173E-02	0,000E+00	0,000E+00	
5,324E+01	1,159E-02	0,000E+00	0,000E+00	
5,328E+01	1,146E-02	0,000E+00	0,000E+00	
5,332E+01	1,136E-02	0,000E+00	0,000E+00	
5,336E+01	1,130E-02	0,000E+00	0,000E+00	
5,340E+01	1,129E-02	0,000E+00	0,000E+00	
5,344E+01	1,132E-02	0,000E+00	0,000E+00	
5,348E+01	1,141E-02	0,000E+00	0,000E+00	
5,352E+01	1,153E-02	0,000E+00	0,000E+00	
5,356E+01	1,169E-02	0,000E+00	0,000E+00	
5,360E+01	1,186E-02	0,000E+00	0,000E+00	
5,364E+01	1,202E-02	0,000E+00	0,000E+00	
5,368E+01	1,217E-02	0,000E+00	0,000E+00	
5,372E+01	1,228E-02	0,000E+00	0,000E+00	
5,376E+01	1,233E-02	0,000E+00	0,000E+00	
5,380E+01	1,233E-02	0,000E+00	0,000E+00	
5,384E+01	1,227E-02	0,000E+00	0,000E+00	
5,388E+01	1,215E-02	0,000E+00	0,000E+00	
5,392E+01	1,197E-02	0,000E+00	0,000E+00	
5,396E+01	1,177E-02	0,000E+00	0,000E+00	
5,400E+01	1,154E-02	0,000E+00	0,000E+00	
5,404E+01	1,131E-02	0,000E+00	0,000E+00	
5,408E+01	1,109E-02	0,000E+00	0,000E+00	
5,412E+01	1,091E-02	0,000E+00	0,000E+00	
5,416E+01	1,077E-02	0,000E+00	0,000E+00	
5,420E+01	1,069E-02	0,000E+00	0,000E+00	
5,424E+01	1,067E-02	0,000E+00	0,000E+00	
5,428E+01	1,070E-02	0,000E+00	0,000E+00	
5,432E+01	1,080E-02	0,000E+00	0,000E+00	
5,436E+01	1,095E-02	0,000E+00	0,000E+00	
5,440E+01	1,114E-02	0,000E+00	0,000E+00	
5,444E+01	1,137E-02	0,000E+00	0,000E+00	
5,448E+01	1,162E-02	0,000E+00	0,000E+00	
5,452E+01	1,188E-02	0,000E+00	0,000E+00	
5,456E+01	1,214E-02	0,000E+00	0,000E+00	
5,460E+01	1,237E-02	0,000E+00	0,000E+00	
5,464E+01	1,258E-02	0,000E+00	0,000E+00	
5,468E+01	1,274E-02	0,000E+00	0,000E+00	
5,472E+01	1,284E-02	0,000E+00	0,000E+00	
5,476E+01	1,288E-02	0,000E+00	0,000E+00	
5,480E+01	1,285E-02	0,000E+00	0,000E+00	
5,484E+01	1,274E-02	0,000E+00	0,000E+00	
5,488E+01	1,257E-02	0,000E+00	0,000E+00	
5,492E+01	1,233E-02	0,000E+00	0,000E+00	
5,496E+01	1,204E-02	0,000E+00	0,000E+00	
5,500E+01	1,171E-02	0,000E+00	0,000E+00	
5,504E+01	1,136E-02	0,000E+00	0,000E+00	
5,508E+01	1,102E-02	0,000E+00	0,000E+00	
5,512E+01	1,069E-02	0,000E+00	0,000E+00	
5,516E+01	1,038E-02	0,000E+00	0,000E+00	
5,520E+01	1,012E-02	0,000E+00	0,000E+00	
5,524E+01	9,901E-03	0,000E+00	0,000E+00	
5,528E+01	9,733E-03	0,000E+00	0,000E+00	
5,532E+01	9,615E-03	0,000E+00	0,000E+00	
5,536E+01	9,546E-03	0,000E+00	0,000E+00	
5,540E+01	9,527E-03	0,000E+00	0,000E+00	
5,544E+01	9,556E-03	0,000E+00	0,000E+00	
5,548E+01	9,633E-03	0,000E+00	0,000E+00	
5,552E+01	9,761E-03	0,000E+00	0,000E+00	
5,556E+01	9,938E-03	0,000E+00	0,000E+00	
5,560E+01	1,016E-02	0,000E+00	0,000E+00	
5,564E+01	1,043E-02	0,000E+00	0,000E+00	
5,568E+01	1,073E-02	0,000E+00	0,000E+00	
5,572E+01	1,106E-02	0,000E+00	0,000E+00	
5,576E+01	1,139E-02	0,000E+00	0,000E+00	
5,580E+01	1,171E-02	0,000E+00	0,000E+00	
5,584E+01	1,201E-02	0,000E+00	0,000E+00	
5,588E+01	1,227E-02	0,000E+00	0,000E+00	
5,592E+01	1,248E-02	0,000E+00	0,000E+00	
5,596E+01	1,263E-02	0,000E+00	0,000E+00	
5,600E+01	1,273E-02	0,000E+00	0,000E+00	
5,604E+01	1,277E-02	0,000E+00	0,000E+00	
5,608E+01	1,278E-02	0,000E+00	0,000E+00	
5,612E+01	1,274E-02	0,000E+00	0,000E+00	
5,616E+01	1,269E-02	0,000E+00	0,000E+00	
5,620E+01	1,263E-02	0,000E+00	0,000E+00	
5,624E+01	1,257E-02	0,000E+00	0,000E+00	
5,628E+01	1,253E-02	0,000E+00	0,000E+00	
5,632E+01	1,251E-02	0,000E+00	0,000E+00	
5,636E+01	1,251E-02	0,000E+00	0,000E+00	
5,640E+01	1,254E-02	0,000E+00	0,000E+00	
5,644E+01	1,259E-02	0,000E+00	0,000E+00	
5,648E+01	1,266E-02	0,000E+00	0,000E+00	
5,652E+01	1,274E-02	0,000E+00	0,000E+00	
5,656E+01	1,282E-02	0,000E+00	0,000E+00	
5,660E+01	1,290E-02	0,000E+00	0,000E+00	
5,664E+01	1,297E-02	0,000E+00	0,000E+00	
5,668E+01	1,303E-02	0,000E+00	0,000E+00	
5,672E+01	1,307E-02	0,000E+00	0,000E+00	
5,676E+01	1,311E-02	0,000E+00	0,000E+00	
5,680E+01	1,314E-02	0,000E+00	0,000E+00	
5,684E+01	1,317E-02	0,000E+00	0,000E+00	
5,688E+01	1,319E-02	0,000E+00	0,000E+00	
5,692E+01	1,320E-02	0,000E+00	0,000E+00	
5,696E+01	1,321E-02	0,000E+00	0,000E+00	
5,700E+01	1,321E-02	0,000E+00	0,000E+00	
5,704E+01	1,320E-02	0,000E+00	0,000E+00	
5,708E+01	1,316E-02	0,000E+00	0,000E+00	
5,712E+01	1,311E-02	0,000E+00	0,000E+00	
5,716E+01	1,304E-02	0,000E+00	0,000E+00	
5,720E+01	1,297E-02	0,000E+00	0,000E+00	
5,724E+01	1,288E-02	0,000E+00	0,000E+00	
5,728E+01	1,281E-02	0,000E+00	0,000E+00	
5,732E+01	1,274E-02	0,000E+00	0,000E+00	
5,736E+01	1,269E-02	0,000E+00	0,000E+00	
5,740E+01	1,266E-02	0,000E+00	0,000E+00	
5,744E+01	1,265E-02	0,000E+00	0,000E+00	
5,748E+01	1,265E-02	0,000E+00	0,000E+00	
5,752E+01	1,266E-02	0,000E+00	0,000E+00	
5,756E+01	1,267E-02	0,000E+00	0,000E+00	
5,760E+01	1,268E-02	0,000E+00	0,000E+00	
5,764E+01	1,266E-02	0,000E+00	0,000E+00	
5,768E+01	1,263E-02	0,000E+00	0,000E+00	
5,772E+01	1,257E-02	0,000E+00	0,000E+00	
5,776E+01	1,250E-02	0,000E+00	0,000E+00	
5,780E+01	1,241E-02	0,000E+00	0,000E+00	
5,784E+01	1,230E-02	0,000E+00	0,000E+00	
5,788E+01	1,219E-02	0,000E+00	0,000E+00	
5,792E+01	1,208E-02	0,000E+00	0,000E+00	
5,796E+01	1,197E-02	0,000E+00	0,000E+00	
5,800E+01	1,187E-02	0,000E+00	0,000E+00	
5,804E+01	1,178E-02	0,000E+00	0,000E+00	
5,808E+01	1,169E-02	0,000E+00	0,000E+00	
5,812E+01	1,161E-02	0,000E+00	0,000E+00	
5,816E+01	1,154E-02	0,000E+00	0,000E+00	
5,820E+01	1,147E-02	0,000E+00	0,000E+00	
5,824E+01	1,142E-02	0,000E+00	0,000E+00	
5,828E+01	1,139E-02	0,000E+00	0,000E+00	
5,832E+01	1,137E-02	0,000E+00	0,000E+00	
5,836E+01	1,139E-02	0,000E+00	0,000E+00	
5,840E+01	1,144E-02	0,000E+00	0,000E+00	
5,844E+01	1,153E-02	0,000E+00	0,000E+00	
5,848E+01	1,164E-02	0,000E+00	0,000E+00	
5,852E+01	1,178E-02	0,000E+00	0,000E+00	
5,856E+01	1,193E-02	0,000E+00	0,000E+00	
5,860E+01	1,208E-02	0,000E+00	0,000E+00	
5,864E+01	1,222E-02	0,000E+00	0,000E+00	
5,868E+01	1,232E-02	0,000E+00	0,000E+00	
5,872E+01	1,237E-02	0,000E+00	0,000E+00	
5,876E+01	1,237E-02	0,000E+00	0,000E+00	
5,880E+01	1,230E-02	0,000E+00	0,000E+00	
5,884E+01	1,218E-02	0,000E+00	0,000E+00	
5,888E+01	1,201E-02	0,000E+00	0,000E+00	
5,892E+01	1,183E-02	0,000E+00	0,000E+00	
5,896E+01	1,168E-02	0,000E+00	0,000E+00	
5,900E+01	1,161E-02	0,000E+00	0,000E+00	
5,904E+01	1,171E-02	0,000E+00	0,000E+00	
5,908E+01	1,204E-02	0,000E+00	0,000E+00	
5,912E+01	1,270E-02	0,000E+00	0,000E+00	
5,916E+01	1,377E-02	0,000E+00	0,000E+00	
5,920E+01	1,532E-02	0,000E+00	0,000E+00	
5,924E+01	1,742E-02	0,000E+00	0,000E+00	
5,928E+01	2,010E-02	0,000E+00	0,000E+00	
5,932E+01	2,335E-02	0,000E+00	0,000E+00	
5,936E+01	2,714E-02	0,000E+00	0,000E+00	
5,940E+01	3,139E-02	0,000E+00	0,000E+00	
5,944E+01	3,600E-02	0,000E+00	0,000E+00	
5,948E+01	4,082E-02	0,000E+00	0,000E+00	
5,952E+01	4,572E-02	0,000E+00	0,000E+00	
5,956E+01	5,054E-02	0,000E+00	0,000E+00	
5,960E+01	5,513E-02	0,000E+00	0,000E+00	
5,964E+01	5,938E-02	0,000E+00	0,000E+00	
5,968E+01	6,319E-02	0,000E+00	0,000E+00	
5,972E+01	6,649E-02	0,000E+00	0,000E+00	
5,976E+01	6,924E-02	0,000E+00	0,000E+00	
5,980E+01	7,142E-02	0,000E+00	0,000E+00	
5,984E+01	7,303E-02	0,000E+00	0,000E+00	
5,988E+01	7,406E-02	0,000E+00	0,000E+00	
5,992E+01	7,452E-02	0,000E+00	0,000E+00	
5,996E+01	7,440E-02	0,000E+00	0,000E+00	
6,000E+01	7,371E-02	0,000E+00	0,000E+00	
6,004E+01	7,243E-02	0,000E+00	0,000E+00	
6,008E+01	7,059E-02	0,000E+00	0,000E+00	
6,012E+01	6,819E-02	0,000E+00	0,000E+00	
6,016E+01	6,530E-02	0,000E+00	0,000E+00	
6,020E+01	6,197E-02	0,000E+00	0,000E+00	
6,024E+01	5,831E-02	0,000E+00	0,000E+00	
6,028E+01	5,443E-02	0,000E+00	0,000E+00	
6,032E+01	5,047E-02	0,000E+00	0,000E+00	
6,036E+01	4,655E-02	0,000E+00	0,000E+00	
6,040E+01	4,279E-02	0,000E+00	0,000E+00	
6,044E+01	3,929E-02	0,000E+00	0,000E+00	
6,048E+01	3,611E-02	0,000E+00	0,000E+00	
6,052E+01	3,328E-02	0,000E+00	0,000E+00	
6,056E+01	3,080E-02	0,000E+00	0,000E+00	
6,060E+01	2,863E-02	0,000E+00	0,000E+00	
6,064E+01	2,673E-02	0,000E+00	0,000E+00	
6,068E+01	2,505E-02	0,000E+00	0,000E+00	
6,072E+01	2,352E-02	0,000E+00	0,000E+00	
6,076E+01	2,211E-02	0,000E+00	0,000E+00	
6,080E+01	2,079E-02	0,000E+00	0,000E+00	
6,084E+01	1,956E-02	0,000E+00	0,000E+00	
6,088E+01	1,841E-02	0,000E+00	0,000E+00	
6,092E+01	1,736E-02	0,000E+00	0,000E+00	
6,096E+01	1,642E-02	0,000E+00	0,000E+00	
6,100E+01	1,561E-02	0,000E+00	0,000E+00	
6,104E+01	1,494E-02	0,000E+00	0,000E+00	
6,108E+01	1,441E-02	0,000E+00	0,000E+00	
6,112E+01	1,400E-02	0,000E+00	0,000E+00	
6,116E+01	1,371E-02	0,000E+00	0,000E+00	
6,120E+01	1,351E-02	0,000E+00	0,000E+00	
6,124E+01	1,339E-02	0,000E+00	0,000E+00	
6,128E+01	1,332E-02	0,000E+00	0,000E+00	
6,132E+01	1,330E-02	0,000E+00	0,000E+00	
6,136E+01	1,331E-02	0,000E+00	0,000E+00	
6,140E+01	1,333E-02	0,000E+00	0,000E+00	
6,144E+01	1,336E-02	0,000E+00	0,000E+00	
6,148E+01	1,339E-02	0,000E+00	0,000E+00	
6,152E+01	1,338E-02	0,000E+00	0,000E+00	
6,156E+01	1,334E-02	0,000E+00	0,000E+00	
6,160E+01	1,325E-02	0,000E+00	0,000E+00	
6,164E+01	1,311E-02	0,000E+00	0,000E+00	
6,168E+01	1,291E-02	0,000E+00	0,000E+00	
6,172E+01	1,268E-02	0,000E+00	0,000E+00	
6,176E+01	1,241E-02	0,000E+00	0,000E+00	
6,180E+01	1,215E-02	0,000E+00	0,000E+00	
6,184E+01	1,190E-02	0,000E+00	0,000E+00	
6,188E+01	1,170E-02	0,000E+00	0,000E+00	
6,192E+01	1,155E-02	0,000E+00	0,000E+00	
6,196E+01	1,147E-02	0,000E+00	0,000E+00	
6,200E+01	1,145E-02	0,000E+00	0,000E+00	
6,204E+01	1,148E-02	0,000E+00	0,000E+00	
6,208E+01	1,155E-02	0,000E+00	0,000E+00	
6,212E+01	1,163E-02	0,000E+00	0,000E+00	
6,216E+01	1,171E-02	0,000E+00	0,000E+00	
6,220E+01	1,176E-02	0,000E+00	0,000E+00	
6,224E+01	1,179E-02	0,000E+00	0,000E+00	
6,228E+01	1,178E-02	0,000E+00	0,000E+00	
6,232E+01	1,176E-02	0,000E+00	0,000E+00	
6,236E+01	1,173E-02	0,000E+00	0,000E+00	
6,240E+01	1,172E-02	0,000E+00	0,000E+00	
6,244E+01	1,175E-02	0,000E+00	0,000E+00	
6,248E+01	1,182E-02	0,000E+00	0,000E+00	
6,252E+01	1,196E-02	0,000E+00	0,000E+00	
6,256E+01	1,214E-02	0,000E+00	0,000E+00	
6,260E+01	1,237E-02	0,000E+00	0,000E+00	
6,264E+01	1,262E-02	0,000E+00	0,000E+00	
6,268E+01	1,288E-02	0,000E+00	0,000E+00	
6,272E+01	1,312E-02	0,000E+00	0,000E+00	
6,276E+01	1,333E-02	0,000E+00	0,000E+00	
6,280E+01	1,349E-02	0,000E+00	0,000E+00	
6,284E+01	1,361E-02	0,000E+00	0,000E+00	
6,288E+01	1,368E-02	0,000E+00	0,000E+00	
6,292E+01	1,373E-02	0,000E+00	0,000E+00	
6,296E+01	1,375E-02	0,000E+00	0,000E+00	
6,300E+01	1,378E-02	0,000E+00	0,000E+00	
6,304E+01	1,382E-02	0,000E+00	0,000E+00	
6,308E+01	1,389E-02	0,000E+00	0,000E+00	
6,312E+01	1,398E-02	0,000E+00	0,000E+00	
6,316E+01	1,408E-02	0,000E+00	0,000E+00	
6,320E+01	1,419E-02	0,000E+00	0,000E+00	
6,324E+01	1,427E-02	0,000E+00	0,000E+00	
6,328E+01	1,432E-02	0,000E+00	0,000E+00	
6,332E+01	1,431E-02	0,000E+00	0,000E+00	
6,336E+01	1,423E-02	0,000E+00	0,000E+00	
6,340E+01	1,407E-02	0,000E+00	0,000E+00	
6,344E+01	1,383E-02	0,000E+00	0,000E+00	
6,348E+01	1,353E-02	0,000E+00	0,000E+00	
6,352E+01	1,318E-02	0,000E+00	0,000E+00	
6,356E+01	1,281E-02	0,000E+00	0,000E+00	
6,360E+01	1,244E-02	0,000E+00	0,000E+00	
6,364E+01	1,210E-02	0,000E+00	0,000E+00	
6,368E+01	1,180E-02	0,000E+00	0,000E+00	
6,372E+01	1,156E-02	0,000E+00	0,000E+00	
6,376E+01	1,140E-02	0,000E+00	0,000E+00	
6,380E+01	1,131E-02	0,000E+00	0,000E+00	
6,384E+01	1,131E-02	0,000E+00	0,000E+00	
6,388E+01	1,138E-02	0,000E+00	0,000E+00	
6,392E+01	1,152E-02	0,000E+00	0,000E+00	
6,396E+01	1,172E-02	0,000E+00	0,000E+00	
6,400E+01	1,196E-02	0,000E+00	0,000E+00	
6,404E+01	1,223E-02	0,000E+00	0,000E+00	
6,408E+01	1,251E-02	0,000E+00	0,000E+00	
6,412E+01	1,278E-02	0,000E+00	0,000E+00	
6,416E+01	1,303E-02	0,000E+00	0,000E+00	
6,420E+01	1,325E-02	0,000E+00	0,000E+00	
6,424E+01	1,341E-02	0,000E+00	0,000E+00	
6,428E+01	1,351E-02	0,000E+00	0,000E+00	
6,432E+01	1,354E-02	0,000E+00	0,000E+00	
6,436E+01	1,350E-02	0,000E+00	0,000E+00	
6,440E+01	1,341E-02	0,000E+00	0,000E+00	
6,444E+01	1,327E-02	0,000E+00	0,000E+00	
6,448E+01	1,310E-02	0,000E+00	0,000E+00	
6,452E+01	1,294E-02	0,000E+00	0,000E+00	
6,456E+01	1,280E-02	0,000E+00	0,000E+00	
6,460E+01	1,270E-02	0,000E+00	0,000E+00	
6,464E+01	1,267E-02	0,000E+00	0,000E+00	
6,468E+01	1,270E-02	0,000E+00	0,000E+00	
6,472E+01	1,282E-02	0,000E+00	0,000E+00	
6,476E+01	1,299E-02	0,000E+00	0,000E+00	
6,480E+01	1,323E-02	0,000E+00	0,000E+00	
6,484E+01	1,349E-02	0,000E+00	0,000E+00	
6,488E+01	1,377E-02	0,000E+00	0,000E+00	
6,492E+01	1,404E-02	0,000E+00	0,000E+00	
6,496E+01	1,428E-02	0,000E+00	0,000E+00	
6,500E+01	1,446E-02	0,000E+00	0,000E+00	
6,504E+01	1,459E-02	0,000E+00	0,000E+00	
6,508E+01	1,465E-02	0,000E+00	0,000E+00	
6,512E+01	1,465E-02	0,000E+00	0,000E+00	
6,516E+01	1,458E-02	0,000E+00	0,000E+00	
6,520E+01	1,446E-02	0,000E+00	0,000E+00	
6,524E+01	1,428E-02	0,000E+00	0,000E+00	
6,528E+01	1,406E-02	0,000E+00	0,000E+00	
6,532E+01	1,382E-02	0,000E+00	0,000E+00	
6,536E+01	1,356E-02	0,000E+00	0,000E+00	
6,540E+01	1,330E-02	0,000E+00	0,000E+00	
6,544E+01	1,306E-02	0,000E+00	0,000E+00	
6,548E+01	1,283E-02	0,000E+00	0,000E+00	
6,552E+01	1,265E-02	0,000E+00	0,000E+00	
6,556E+01	1,250E-02	0,000E+00	0,000E+00	
6,560E+01	1,241E-02	0,000E+00	0,000E+00	
6,564E+01	1,237E-02	0,000E+00	0,000E+00	
6,568E+01	1,237E-02	0,000E+00	0,000E+00	
6,572E+01	1,242E-02	0,000E+00	0,000E+00	
6,576E+01	1,250E-02	0,000E+00	0,000E+00	
6,580E+01	1,259E-02	0,000E+00	0,000E+00	
6,584E+01	1,269E-02	0,000E+00	0,000E+00	
6,588E+01	1,278E-02	0,000E+00	0,000E+00	
6,592E+01	1,286E-02	0,000E+00	0,000E+00	
6,596E+01	1,292E-02	0,000E+00	0,000E+00	
6,600E+01	1,297E-02	0,000E+00	0,000E+00	
6,604E+01	1,301E-02	0,000E+00	0,000E+00	
6,608E+01	1,305E-02	0,000E+00	0,000E+00	
6,612E+01	1,308E-02	0,000E+00	0,000E+00	
6,616E+01	1,311E-02	0,000E+00	0,000E+00	
6,620E+01	1,313E-02	0,000E+00	0,000E+00	
6,624E+01	1,314E-02	0,000E+00	0,000E+00	
6,628E+01	1,314E-02	0,000E+00	0,000E+00	
6,632E+01	1,313E-02	0,000E+00	0,000E+00	
6,636E+01	1,310E-02	0,000E+00	0,000E+00	
6,640E+01	1,304E-02	0,000E+00	0,000E+00	
6,644E+01	1,297E-02	0,000E+00	0,000E+00	
6,648E+01	1,289E-02	0,000E+00	0,000E+00	
6,652E+01	1,279E-02	0,000E+00	0,000E+00	
6,656E+01	1,270E-02	0,000E+00	0,000E+00	
6,660E+01	1,261E-02	0,000E+00	0,000E+00	
6,664E+01	1,254E-02	0,000E+00	0,000E+00	
6,668E+01	1,248E-02	0,000E+00	0,000E+00	
6,672E+01	1,244E-02	0,000E+00	0,000E+00	
6,676E+01	1,243E-02	0,000E+00	0,000E+00	
6,680E+01	1,243E-02	0,000E+00	0,000E+00	
6,684E+01	1,246E-02	0,000E+00	0,000E+00	
6,688E+01	1,251E-02	0,000E+00	0,000E+00	
6,692E+01	1,256E-02	0,000E+00	0,000E+00	
6,696E+01	1,262E-02	0,000E+00	0,000E+00	
6,700E+01	1,268E-02	0,000E+00	0,000E+00	
6,704E+01	1,273E-02	0,000E+00	0,000E+00	
6,708E+01	1,277E-02	0,000E+00	0,000E+00	
6,712E+01	1,279E-02	0,000E+00	0,000E+00	
6,716E+01	1,279E-02	0,000E+00	0,000E+00	
6,720E+01	1,277E-02	0,000E+00	0,000E+00	
6,724E+01	1,274E-02	0,000E+00	0,000E+00	
6,728E+01	1,269E-02	0,000E+00	0,000E+00	
6,732E+01	1,264E-02	0,000E+00	0,000E+00	
6,736E+01	1,259E-02	0,000E+00	0,000E+00	
6,740E+01	1,255E-02	0,000E+00	0,000E+00	
6,744E+01	1,251E-02	0,000E+00	0,000E+00	
6,748E+01	1,247E-02	0,000E+00	0,000E+00	
6,752E+01	1,244E-02	0,000E+00	0,000E+00	
6,756E+01	1,241E-02	0,000E+00	0,000E+00	
6,760E+01	1,237E-02	0,000E+00	0,000E+00	
6,764E+01	1,232E-02	0,000E+00	0,000E+00	
6,768E+01	1,226E-02	0,000E+00	0,000E+00	
6,772E+01	1,219E-02	0,000E+00	0,000E+00	
6,776E+01	1,212E-02	0,000E+00	0,000E+00	
6,780E+01	1,205E-02	0,000E+00	0,000E+00	
6,784E+01	1,199E-02	0,000E+00	0,000E+00	
6,788E+01	1,196E-02	0,000E+00	0,000E+00	
6,792E+01	1,196E-02	0,000E+00	0,000E+00	
6,796E+01	1,199E-02	0,000E+00	0,000E+00	
6,800E+01	1,206E-02	0,000E+00	0,000E+00	
6,804E+01	1,217E-02	0,000E+00	0,000E+00	
6,808E+01	1,231E-02	0,000E+00	0,000E+00	
6,812E+01	1,248E-02	0,000E+00	0,000E+00	
6,816E+01	1,268E-02	0,000E+00	0,000E+00	
6,820E+01	1,289E-02	0,000E+00	0,000E+00	
6,824E+01	1,311E-02	0,000E+00	0,000E+00	
6,828E+01	1,334E-02	0,000E+00	0,000E+00	
6,832E+01	1,356E-02	0,000E+00	0,000E+00	
6,836E+01	1,378E-02	0,000E+00	0,000E+00	
6,840E+01	1,397E-02	0,000E+00	0,000E+00	
6,844E+01	1,413E-02	0,000E+00	0,000E+00	
6,848E+01	1,425E-02	0,000E+00	0,000E+00	
6,852E+01	1,430E-02	0,000E+00	0,000E+00	
6,856E+01	1,429E-02	0,000E+00	0,000E+00	
6,860E+01	1,420E-02	0,000E+00	0,000E+00	
6,864E+01	1,404E-02	0,000E+00	0,000E+00	
6,868E+01	1,382E-02	0,000E+00	0,000E+00	
6,872E+01	1,356E-02	0,000E+00	0,000E+00	
6,876E+01	1,326E-02	0,000E+00	0,000E+00	
6,880E+01	1,297E-02	0,000E+00	0,000E+00	
6,884E+01	1,271E-02	0,000E+00	0,000E+00	
6,888E+01	1,249E-02	0,000E+00	0,000E+00	
6,892E+01	1,233E-02	0,000E+00	0,000E+00	
6,896E+01	1,225E-02	0,000E+00	0,000E+00	
6,900E+01	1,223E-02	0,000E+00	0,000E+00	
6,904E+01	1,227E-02	0,000E+00	0,000E+00	
6,908E+01	1,236E-02	0,000E+00	0,000E+00	
6,912E+01	1,248E-02	0,000E+00	0,000E+00	
6,916E+01	1,259E-02	0,000E+00	0,000E+00	
6,920E+01	1,270E-02	0,000E+00	0,000E+00	
6,924E+01	1,277E-02	0,000E+00	0,000E+00	
6,928E+01	1,281E-02	0,000E+00	0,000E+00	
6,932E+01	1,281E-02	0,000E+00	0,000E+00	
6,936E+01	1,277E-02	0,000E+00	0,000E+00	
6,940E+01	1,270E-02	0,000E+00	0,000E+00	
6,944E+01	1,262E-02	0,000E+00	0,000E+00	
6,948E+01	1,255E-02	0,000E+00	0,000E+00	
6,952E+01	1,249E-02	0,000E+00	0,000E+00	
6,956E+01	1,246E-02	0,000E+00	0,000E+00	
6,960E+01	1,248E-02	0,000E+00	0,000E+00	
6,964E+01	1,255E-02	0,000E+00	0,000E+00	
6,968E+01	1,268E-02	0,000E+00	0,000E+00	
6,972E+01	1,286E-02	0,000E+00	0,000E+00	
6,976E+01	1,308E-02	0,000E+00	0,000E+00	
6,980E+01	1,334E-02	0,000E+00	0,000E+00	
6,984E+01	1,360E-02	0,000E+00	0,000E+00	
6,988E+01	1,386E-02	0,000E+00	0,000E+00	
6,992E+01	1,409E-02	0,000E+00	0,000E+00	
6,996E+01	1,428E-02	0,000E+00	0,000E+00	
7,000E+01	1,441E-02	0,000E+00	0,000E+00	
7,004E+01	1,448E-02	0,000E+00	0,000E+00	
7,008E+01	1,448E-02	0,000E+00	0,000E+00	
7,012E+01	1,441E-02	0,000E+00	0,000E+00	
7,016E+01	1,428E-02	0,000E+00	0,000E+00	
7,020E+01	1,410E-02	0,000E+00	0,000E+00	
7,024E+01	1,386E-02	0,000E+00	0,000E+00	
7,028E+01	1,359E-02	0,000E+00	0,000E+00	
7,032E+01	1,330E-02	0,000E+00	0,000E+00	
7,036E+01	1,299E-02	0,000E+00	0,000E+00	
7,040E+01	1,268E-02	0,000E+00	0,000E+00	
7,044E+01	1,239E-02	0,000E+00	0,000E+00	
7,048E+01	1,213E-02	0,000E+00	0,000E+00	
7,052E+01	1,190E-02	0,000E+00	0,000E+00	
7,056E+01	1,173E-02	0,000E+00	0,000E+00	
7,060E+01	1,160E-02	0,000E+00	0,000E+00	
7,064E+01	1,153E-02	0,000E+00	0,000E+00	
7,068E+01	1,153E-02	0,000E+00	0,000E+00	
7,072E+01	1,158E-02	0,000E+00	0,000E+00	
7,076E+01	1,169E-02	0,000E+00	0,000E+00	
7,080E+01	1,185E-02	0,000E+00	0,000E+00	
7,084E+01	1,206E-02	0,000E+00	0,000E+00	
7,088E+01	1,231E-02	0,000E+00	0,000E+00	
7,092E+01	1,258E-02	0,000E+00	0,000E+00	
7,096E+01	1,285E-02	0,000E+00	0,000E+00	
7,100E+01	1,312E-02	0,000E+00	0,000E+00	
7,104E+01	1,336E-02	0,000E+00	0,000E+00	
7,108E+01	1,357E-02	0,000E+00	0,000E+00	
7,112E+01	1,374E-02	0,000E+00	0,000E+00	
7,116E+01	1,387E-02	0,000E+00	0,000E+00	
7,120E+01	1,396E-02	0,000E+00	0,000E+00	
7,124E+01	1,403E-02	0,000E+00	0,000E+00	
7,128E+01	1,408E-02	0,000E+00	0,000E+00	
7,132E+01	1,413E-02	0,000E+00	0,000E+00	
7,136E+01	1,420E-02	0,000E+00	0,000E+00	
7,140E+01	1,427E-02	0,000E+00	0,000E+00	
7,144E+01	1,436E-02	0,000E+00	0,000E+00	
7,148E+01	1,446E-02	0,000E+00	0,000E+00	
7,152E+01	1,453E-02	0,000E+00	0,000E+00	
7,156E+01	1,456E-02	0,000E+00	0,000E+00	
7,160E+01	1,452E-02	0,000E+00	0,000E+00	
7,164E+01	1,438E-02	0,000E+00	0,000E+00	
7,168E+01	1,410E-02	0,000E+00	0,000E+00	
7,172E+01	1,367E-02	0,000E+00	0,000E+00	
7,176E+01	1,307E-02	0,000E+00	0,000E+00	
7,180E+01	1,230E-02	0,000E+00	0,000E+00	
7,184E+01	1,137E-02	0,000E+00	0,000E+00	
7,188E+01	1,030E-02	0,000E+00	0,000E+00	
7,192E+01	9,135E-03	0,000E+00	0,000E+00	
7,196E+01	7,904E-03	0,000E+00	0,000E+00	
