44.126 47.000
42.028 44.000
40.121 35.000
38.380 34.000
36.785 41.000
35.317 54.000
33.962 66.000
32.708 91.000
31.543 98.000
30.459 110.000
29.447 118.000
28.501 127.000
27.614 136.000
26.780 150.000
25.996 154.000
25.257 159.000
24.559 180.000
23.899 185.000
23.273 198.000
22.680 219.000
22.117 225.000
21.581 228.000
21.196 233.000
20.584 239.000
20.120 256.000
19.676 243.000
19.252 260.000
18.846 259.000
18.457 272.000
18.084 277.000
17.726 274.000
17.382 294.000
17.051 300.000
16.733 297.000
16.427 296.000
16.132 314.000
15.847 284.000
15.573 308.000
15.308 298.000
15.052 293.000
14.805 297.000
14.566 299.000
14.334 287.000
14.110 316.000
13.893 291.000
13.683 289.000
13.480 265.000
13.282 253.000
13.090 237.000
12.904 226.000
12.723 228.000
12.548 222.000
12.377 209.000
12.211 213.000
12.050 211.000
11.893 224.000
11.740 213.000
11.591 232.000
11.446 202.000
11.305 216.000
11.167 199.000
11.033 206.000
10.902 204.000
10.774 194.000
10.650 190.000
10.528 197.000
10.409 183.000
10.293 177.000
10.180 177.000
10.096 184.000
9.961 179.000
9.855 185.000
9.752 167.000
9.650 178.000
9.576 170.000
9.454 153.000
9.360 156.000
9.267 150.000
9.176 154.000
9.109 212.000
9.000 1769.000
8.914 1538.000
8.830 658.000
8.748 245.000
8.688 207.000
8.589 199.000
8.512 185.000
8.436 187.000
8.361 186.000
8.288 186.000
8.217 285.000
8.146 2915.000
8.077 5724.000
8.010 4243.000
7.960 584.000
7.878 187.000
7.813 144.000
7.750 125.000
7.688 131.000
7.628 115.000
7.568 109.000
7.509 109.000
7.451 103.000
7.394 95.000
7.338 97.000
7.283 94.000
7.229 95.000
7.176 80.000
7.124 86.000
7.072 81.000
7.022 73.000
