nan nan
12.723 40.000
12.635 37.000
12.548 37.000
12.462 36.000
12.377 36.000
12.294 34.000
12.211 34.000
12.130 34.000
12.050 35.000
11.971 32.000
11.893 32.000
11.816 35.000
11.740 33.000
11.665 31.000
11.591 33.000
11.518 31.000
11.446 31.000
11.375 31.000
11.305 36.000
11.235 48.000
11.167 57.000
11.100 64.000
11.033 70.000
11.000 64.000
10.902 68.000
10.838 68.000
10.774 68.000
10.711 62.000
10.650 63.000
10.588 59.000
10.528 56.000
10.468 56.000
10.409 57.000
10.380 50.000
10.293 53.000
10.236 53.000
10.180 52.000
10.124 51.000
10.096 51.000
10.015 50.000
9.961 49.000
