19.7 117.0
19.5 114.0
19.3 110.0
19.0 106.0
18.8 111.0
18.6 107.0
18.5 105.0
18.3 101.0
18.1 104.0
17.9 102.0
17.7 96.0
17.6 97.0
17.4 94.0
17.2 94.0
17.1 95.0
16.9 94.0
16.7 94.0
16.6 94.0
16.4 93.0
16.4 100.0
16.1 102.0
16.0 108.0
15.8 111.0
15.7 117.0
15.6 121.0
15.4 123.0
15.3 128.0
15.2 120.0
15.1 116.0
14.9 107.0
14.8 109.0
14.7 107.0
14.6 109.0
14.4 103.0
14.3 104.0
14.2 99.0
14.1 99.0
14.0 92.0
13.9 99.0
13.8 96.0
13.7 93.0
13.6 95.0
13.5 109.0
13.4 128.0
13.3 140.0
13.2 140.0
13.1 138.0
13.0 131.0
12.9 130.0
12.8 127.0
12.7 124.0
12.6 118.0
12.5 120.0
12.5 113.0
12.4 117.0
12.3 110.0
12.2 112.0
12.1 107.0
12.0 107.0
12.0 102.0
11.9 103.0
