#$SPEC_ID:
#No sample description was entered.
#$SPEC_REM:
#DET# 1
#DETDESC# PRAK01 Easy-MCA-2k SN 15071856
#AP# Maestro Version 7.01
#$DATE_MEA:
#01/03/2002 23:36:01
#$MEAS_TIM:
#300 300
#$DATA:
#0 511
       0
       0
       0
       0
       0
       0
       0
       0
       0
       0
       0
       0
       0
       0
       0
       0
       0
       0
       0
       0
       0
       0
       0
       0
       0
       0
       0
       0
       0
       0
       0
      21
    1400
    1591
    1679
    1561
    1558
    1532
    1544
    1536
    1524
    1541
    1561
    1615
    1554
    1699
    1563
    1614
    1566
    1567
    1455
    1279
    1122
     963
     865
     689
     648
     596
     594
     584
     563
     604
     602
     641
     748
     976
    1558
    2804
    4692
    7159
    9539
   10762
    9998
    7533
    4839
    2556
    1085
     397
     106
      53
      25
      11
      13
      12
       8
      11
      15
      10
       8
       8
      10
      10
      21
      13
      10
       9
       9
      10
      14
      10
      10
      15
       7
      11
       9
      11
       8
      11
       6
       6
       6
       9
       6
       7
       7
      12
       7
       7
       7
       8
       9
       8
       6
       2
       4
       6
       8
       5
       8
       1
       3
       0
       4
       3
       6
       4
       7
       5
       3
       7
       4
       6
       4
       7
       3
       6
       9
      11
       7
      11
       6
       6
       7
       3
       0
       3
       1
       5
       0
       2
       2
       4
       0
       2
       2
       1
       2
       1
       1
       0
       3
       3
       4
       1
       1
       4
       1
       2
       2
       2
       1
       1
       1
       1
       1
       0
       2
       1
       1
       1
       3
       0
       1
       1
       0
       1
       0
       2
       1
       3
       2
       1
       0
       0
       0
       0
       0
       0
       1
       0
       2
       2
       2
       0
       0
       3
       0
       0
       1
       0
       0
       2
       0
       4
       0
       1
       1
       1
       2
       0
       1
       1
       0
       1
       0
       1
       1
       0
       0
       0
       3
       1
       0
       0
       0
       1
       0
       1
       0
       0
       0
       0
       0
       1
       1
       1
       0
       0
       2
       1
       0
       1
       1
       2
       0
       0
       0
       0
       0
       2
       0
       0
       1
       0
       0
       0
       0
       0
       0
       0
       0
       0
       0
       1
       0
       0
       1
       0
       0
       0
       0
       0
       0
       0
       0
       0
       0
       1
       0
       0
       0
       0
       0
       0
       1
       0
       0
       0
       0
       0
       0
       0
       0
       0
       0
       0
       1
       0
       0
       0
       0
       0
       0
       0
       0
       0
       0
       0
       0
       0
       0
       0
       0
       0
       0
       0
       0
       0
       0
       0
       0
       0
       0
       0
       0
       0
       0
       1
       0
       0
       0
       0
       0
       0
       1
       0
       0
       0
       0
       0
       0
       0
       0
       0
       0
       0
       0
       0
       0
       0
       1
       0
       0
       0
       0
       0
       0
       0
       0
       0
       0
       0
       0
       0
       0
       0
       0
       0
       0
       0
       1
       0
       0
       0
       0
       0
       0
       0
       0
       0
       0
       0
       1
       0
       0
       0
       0
       0
       0
       0
       0
       0
       0
       0
       0
       0
       0
       0
       0
       0
       0
       0
       0
       0
       0
       0
       0
       0
       0
       0
       0
       0
       0
       0
       0
       0
       0
       0
       0
       0
       0
       0
       0
       0
       0
       0
       0
       0
       0
       0
       0
       0
       0
       0
       0
       0
       0
       0
       0
       0
       0
       0
       0
       0
       0
       0
       0
       0
       0
       0
       0
       0
       0
       0
       0
       0
       0
       0
       0
       0
       0
       0
       0
       0
       0
       0
       0
       0
       0
       0
       0
       0
       0
       0
       0
       0
       0
       0
       0
       0
       0
       0
       0
       0
       0
       0
       0
       0
       0
       0
       0
       0
#$ROI:
#0
#$PRESETS:
#Live Time
#300
#0
#$ENER_FIT:
#0.000000 9.323944
#$MCA_CAL:
#3
#0.000000E+000 9.323944E+000 0.000000E+000 keV
#$SHAPE_CAL:
#3
#0.000000E+000 0.000000E+000 0.000000E+000
