#$SPEC_ID:
#No sample description was entered.
#$SPEC_REM:
#DET# 1
#DETDESC# PRAK01 Easy-MCA-2k SN 15071856
#AP# Maestro Version 7.01
#$DATE_MEA:
#01/03/2002 20:19:51
#$MEAS_TIM:
#304 304
#$DATA:
#0 511
       0
       0
       0
       0
       0
       0
       0
       0
       0
       0
       0
       0
       0
       0
       0
       0
       0
       0
       0
       0
       0
       0
       0
       0
       0
       0
       0
       0
       0
       0
       0
      16
    1374
    1711
    1627
    1557
    1518
    1604
    1627
    1563
    1516
    1516
    1507
    1577
    1581
    1602
    1679
    1571
    1607
    1617
    1477
    1322
    1124
     931
     798
     720
     672
     642
     569
     555
     625
     611
     640
     651
     785
    1046
    1745
    3133
    5134
    7725
    9791
   10642
    9498
    7137
    4308
    2189
     949
     331
     101
      35
      12
      11
      16
      11
      12
       8
      11
      13
      10
      21
       7
      17
      10
      13
      15
       8
      14
      11
      13
      12
       9
      15
       9
      13
       5
       8
       7
       9
      11
      11
      11
      13
       5
      10
       7
       8
       7
      12
       8
       8
       8
       6
       5
       2
       8
       4
       8
       4
       2
       4
       6
       2
       4
       6
       2
       3
       5
       2
       4
       5
       4
       7
       7
       6
      10
      17
       8
       8
       7
       8
       6
       2
       4
       5
       5
       2
       4
       2
       2
       1
       1
       8
       3
       1
       4
       1
       0
       2
       1
       0
       0
       1
       2
       1
       1
       3
       3
       2
       1
       1
       1
       3
       2
       2
       3
       1
       0
       0
       1
       0
       1
       1
       1
       1
       2
       1
       3
       3
       0
       0
       1
       0
       0
       2
       1
       0
       2
       1
       2
       2
       1
       1
       0
       0
       1
       1
       0
       0
       0
       3
       0
       0
       0
       2
       0
       0
       1
       1
       0
       2
       2
       2
       0
       1
       0
       0
       0
       0
       1
       1
       0
       0
       0
       0
       0
       0
       1
       0
       1
       1
       1
       1
       0
       0
       0
       2
       1
       2
       2
       1
       0
       2
       1
       0
       2
       0
       0
       0
       0
       1
       0
       0
       0
       0
       0
       0
       0
       0
       0
       0
       1
       0
       0
       0
       0
       0
       0
       0
       1
       1
       0
       0
       0
       0
       0
       0
       0
       0
       0
       0
       1
       0
       0
       0
       0
       0
       0
       0
       1
       0
       0
       0
       0
       0
       0
       0
       0
       0
       1
       0
       1
       0
       0
       0
       0
       0
       0
       1
       0
       0
       0
       1
       0
       0
       0
       0
       0
       0
       0
       0
       1
       0
       0
       0
       0
       0
       0
       0
       0
       0
       0
       0
       0
       0
       0
       0
       0
       0
       1
       0
       0
       0
       0
       0
       0
       0
       0
       0
       0
       0
       0
       0
       1
       0
       0
       0
       0
       0
       0
       0
       0
       0
       0
       0
       0
       0
       0
       0
       0
       0
       0
       0
       0
       0
       0
       0
       0
       0
       0
       0
       0
       1
       0
       0
       0
       0
       0
       0
       0
       0
       0
       0
       0
       0
       0
       1
       0
       0
       0
       0
       0
       1
       0
       0
       0
       1
       0
       0
       0
       0
       0
       1
       0
       1
       0
       0
       0
       0
       0
       0
       0
       0
       0
       0
       0
       0
       0
       0
       0
       0
       0
       0
       0
       1
       0
       0
       0
       0
       0
       0
       0
       0
       0
       0
       0
       0
       0
       0
       0
       0
       0
       0
       0
       0
       0
       0
       0
       0
       0
       0
       0
       0
       0
       0
       0
       0
       0
       0
       0
       0
       0
       0
       0
       0
       0
       0
       0
       0
       0
       0
       0
       0
       0
       0
       0
       0
       0
       0
       0
       0
       0
       0
#$ROI:
#0
#$PRESETS:
#Live Time
#400
#0
#$ENER_FIT:
#0.000000 9.323944
#$MCA_CAL:
#3
#0.000000E+000 9.323944E+000 0.000000E+000 keV
#$SHAPE_CAL:
#3
#0.000000E+000 0.000000E+000 0.000000E+000
