#$SPEC_ID:
#No sample description was entered.
#$SPEC_REM:
#DET# 1
#DETDESC# PRAK01 Easy-MCA-2k SN 15071856
#AP# Maestro Version 7.01
#$DATE_MEA:
#01/03/2002 21:31:06
#$MEAS_TIM:
#100 100
#$DATA:
#0 511
       0
       0
       0
       0
       0
       0
       0
       0
       0
       0
       0
       0
       0
       0
       0
       0
       0
       0
       0
       0
       0
       0
       0
       1
       0
       0
       0
       0
       0
       0
       1
       7
     247
     273
     310
     287
     269
     257
     261
     256
     266
     285
     326
     286
     330
     302
     299
     287
     288
     272
     267
     251
     209
     182
     163
     145
     123
     122
     112
     115
     115
     113
     107
     118
     131
     150
     245
     421
     738
    1155
    1481
    1761
    1751
    1387
     904
     523
     311
     158
      82
      57
      34
      23
      13
       7
       7
       2
       6
       4
       5
       3
       7
       5
       3
       4
       6
       5
       4
       2
       3
       4
       2
       2
       1
       5
       4
       2
       4
       4
       3
       3
       3
       1
       0
       2
       3
       4
       0
       3
       3
       0
       7
       2
       4
       0
       3
       1
       2
       3
       1
       1
       0
       2
       0
       1
       1
       2
       1
       0
       2
       1
       2
       1
       1
       2
       0
       1
       8
       3
       4
       2
       1
       1
       1
       1
       1
       0
       2
       0
       1
       1
       1
       0
       1
       1
       0
       0
       0
       0
       0
       0
       0
       1
       1
       1
       0
       1
       0
       1
       0
       0
       0
       1
       0
       0
       0
       0
       0
       0
       1
       0
       0
       1
       0
       0
       0
       0
       1
       0
       0
       0
       0
       0
       0
       0
       1
       0
       0
       0
       0
       0
       1
       0
       0
       0
       0
       0
       1
       1
       0
       0
       1
       1
       0
       0
       0
       1
       1
       0
       0
       2
       0
       0
       0
       0
       0
       0
       0
       0
       0
       0
       0
       0
       0
       0
       2
       0
       0
       0
       0
       0
       0
       1
       0
       0
       0
       0
       0
       0
       0
       1
       1
       0
       0
       0
       0
       0
       0
       1
       0
       0
       0
       0
       0
       0
       0
       1
       0
       0
       0
       0
       0
       0
       0
       0
       0
       0
       0
       0
       0
       1
       0
       0
       0
       1
       0
       0
       0
       0
       0
       0
       0
       0
       0
       0
       1
       0
       0
       0
       0
       0
       0
       0
       0
       0
       0
       0
       0
       0
       0
       0
       0
       0
       0
       0
       0
       0
       0
       0
       0
       0
       0
       0
       0
       0
       0
       0
       0
       0
       0
       0
       0
       0
       0
       0
       0
       0
       0
       0
       0
       0
       0
       0
       0
       0
       0
       0
       0
       0
       0
       0
       0
       0
       0
       0
       0
       1
       0
       0
       0
       0
       0
       0
       0
       0
       0
       0
       0
       0
       0
       0
       0
       0
       0
       0
       0
       0
       0
       0
       0
       0
       0
       0
       0
       0
       0
       0
       0
       0
       0
       0
       0
       0
       0
       0
       0
       0
       0
       0
       0
       0
       0
       0
       1
       0
       0
       0
       0
       0
       0
       0
       0
       0
       0
       0
       0
       0
       0
       0
       0
       0
       0
       0
       0
       0
       0
       0
       0
       0
       0
       0
       0
       0
       0
       0
       0
       0
       0
       0
       0
       0
       0
       0
       0
       0
       0
       0
       0
       0
       0
       0
       0
       0
       0
       0
       0
       0
       0
       0
       0
       0
       0
       0
       0
       0
       0
       0
       0
       0
       0
       0
       0
       0
       0
       0
       0
       0
       0
       0
       0
       0
       0
       0
       0
       0
       0
       0
       0
       0
       0
       0
       0
       0
       0
       0
       0
       0
       0
       0
       0
       0
       0
       0
#$ROI:
#0
#$PRESETS:
#Live Time
#100
#0
#$ENER_FIT:
#0.000000 9.323944
#$MCA_CAL:
#3
#0.000000E+000 9.323944E+000 0.000000E+000 keV
#$SHAPE_CAL:
#3
#0.000000E+000 0.000000E+000 0.000000E+000
