#$SPEC_ID:
#No sample description was entered.
#$SPEC_REM:
#DET# 1
#DETDESC# PRAK01 Easy-MCA-2k SN 15071856
#AP# Maestro Version 7.01
#$DATE_MEA:
#01/03/2002 21:28:41
#$MEAS_TIM:
#100 100
#$DATA:
#0 511
       0
       0
       0
       0
       0
       0
       0
       0
       0
       0
       0
       0
       0
       0
       0
       0
       0
       0
       0
       0
       0
       0
       0
       0
       0
       1
       0
       0
       0
       0
       0
       3
     247
     323
     307
     291
     309
     308
     274
     272
     290
     285
     285
     299
     323
     291
     296
     324
     287
     292
     270
     212
     243
     186
     147
     129
     129
     113
     101
     113
     116
     122
     119
     110
     114
     169
     214
     403
     685
    1077
    1532
    1716
    1752
    1445
    1071
     712
     392
     211
      89
      48
      27
      10
       7
       8
       3
       5
       6
       3
       4
       2
       8
       4
       2
       3
       3
       3
       4
       5
       1
       3
       5
       3
       5
       5
       3
       1
       1
       6
       3
       5
       3
       1
       0
       4
       0
       3
       4
       3
       3
       2
       3
       1
       2
       3
       2
       5
       1
       2
       1
       1
       2
       2
       2
       1
       2
       2
       0
       1
       1
       2
       0
       1
       1
       2
       1
       1
       4
       1
       6
       1
       0
       2
       2
       1
       2
       2
       1
       0
       0
       0
       1
       0
       0
       0
       2
       0
       0
       0
       1
       1
       0
       1
       0
       2
       0
       0
       1
       0
       1
       1
       1
       1
       1
       0
       1
       0
       0
       0
       0
       0
       0
       2
       1
       0
       1
       0
       0
       1
       0
       0
       0
       0
       0
       0
       0
       0
       0
       0
       1
       0
       0
       0
       0
       0
       0
       1
       0
       0
       1
       1
       0
       2
       0
       0
       0
       0
       0
       0
       0
       0
       0
       0
       0
       0
       0
       0
       0
       0
       0
       0
       0
       0
       0
       0
       0
       0
       1
       0
       0
       0
       0
       1
       0
       1
       0
       0
       1
       0
       1
       0
       2
       0
       0
       0
       0
       1
       0
       0
       0
       0
       1
       0
       0
       1
       0
       0
       0
       0
       0
       0
       0
       0
       1
       0
       0
       0
       0
       0
       0
       0
       0
       0
       0
       0
       0
       0
       0
       0
       0
       0
       0
       0
       0
       0
       0
       1
       0
       0
       0
       0
       0
       0
       0
       0
       0
       0
       0
       0
       0
       0
       0
       0
       0
       0
       0
       0
       0
       0
       0
       0
       0
       0
       0
       0
       0
       0
       0
       0
       0
       0
       0
       0
       0
       0
       0
       0
       0
       1
       0
       0
       0
       0
       0
       0
       0
       0
       0
       0
       0
       0
       0
       0
       0
       0
       0
       0
       0
       0
       0
       0
       0
       0
       0
       0
       0
       0
       0
       0
       0
       0
       0
       0
       0
       0
       0
       0
       1
       0
       0
       0
       0
       0
       0
       0
       0
       0
       0
       0
       0
       0
       0
       0
       0
       0
       0
       0
       0
       0
       0
       0
       0
       0
       0
       0
       0
       0
       0
       0
       0
       0
       0
       0
       0
       0
       0
       0
       0
       0
       0
       0
       0
       0
       0
       0
       0
       0
       0
       0
       0
       0
       0
       0
       0
       0
       0
       0
       0
       0
       0
       0
       0
       0
       0
       0
       0
       0
       0
       0
       0
       0
       0
       0
       0
       0
       0
       0
       0
       0
       0
       0
       0
       0
       0
       0
       0
       0
       0
       0
       0
       0
       0
       0
       0
       0
       0
       0
       0
       0
       0
       0
       0
       0
       0
       0
       0
       0
       0
       0
       0
       0
       0
       0
       0
       0
       0
       0
       0
       0
       0
       0
       0
       0
#$ROI:
#0
#$PRESETS:
#Live Time
#100
#0
#$ENER_FIT:
#0.000000 9.323944
#$MCA_CAL:
#3
#0.000000E+000 9.323944E+000 0.000000E+000 keV
#$SHAPE_CAL:
#3
#0.000000E+000 0.000000E+000 0.000000E+000
