#           Probe           |            Zylinder           |     Heizung
# R_{p,1}/Ohm & R_{p,2}/Ohm | R_{zyl,1}/Ohm & R_{zyl_2}/Ohm | U/V & I/mA & dt/s
#
 21.3  24.5  21.8  24.9 15.6 149.1 240
 24.5  27.4  24.9  27.6 15.8 150.1 230
 27.4  30.4  27.6  30.2 15.8 150.3 250
 30.4  33.3  30.3  33.7 15.9 150.9 260
 33.3  36.3  33.7  36.6 15.9 151.0 275
 36.3  39.3  36.6  39.4 16.0 151.5 280
 39.3  42.1  39.4  42.2 17.2 163.2 230
 42.1  45.0  42.2  45.4 17.9 169.5 240
 45.0  47.9  45.4  47.6 17.6 166.8 260
 47.9  50.8  47.6  53.0 17.8 168.5 250
 50.8  53.6  53.0  57.4 17.8 169.0 240
 53.6  56.5  57.4  60.2 17.9 169.0 240
 56.5  59.4  60.2  61.7 17.9 169.0 240
 59.4  62.2  61.7  62.0 17.9 169.0 265
 62.2  65.1  62.0  64.7 17.8 169.0 280
 65.1  67.9  64.7  67.4 17.9 169.1 275
 67.9  70.7  67.4  70.4 17.9 169.1 280
 70.7  73.5  70.4  73.9 17.9 169.1 275
 73.5  76.3  73.9  76.2 17.9 169.1 290
 76.3  79.1  76.2  79.2 17.9 161.1 290
 79.1  81.9  79.2  82.7 17.9 169.2 290
 81.9  84.7  82.7  85.2 17.9 169.3 300
 84.7  87.5  85.2  88.1 17.9 169.3 300
 87.5  90.2  88.1  90.0 17.9 169.3 285
 90.2  93.0  90.0  92.8 17.9 169.3 290
 93.0  95.7  92.8  95.8 17.9 169.4 270
 95.7  98.5  95.8  98.8 17.9 169.4 300
 98.5 101.2  98.8 101.5 17.9 169.4 300
101.2 103.9 101.5 104.1 17.9 169.4 280
103.9 106.6 104.1 106.8 17.9 169.4 300
106.6 109.3 106.8 109.2 17.9 169.4 295
