21.000 11.000 76.000 0.014 1.600 47.619 12.096
25.000 14.000 74.000 0.019 2.400 40.000 21.600
28.000 17.600 74.000 0.024 2.800 35.714 28.224
29.000 19.200 72.000 0.027 3.200 34.483 33.408
30.000 21.200 72.000 0.029 3.400 33.333 36.720
31.000 24.000 72.000 0.033 4.000 32.258 44.640
32.000 26.000 70.000 0.037 5.000 31.250 57.600
33.000 27.600 70.000 0.039 5.800 30.303 68.904
34.000 28.000 70.000 0.040 6.600 29.412 80.784
35.000 27.600 70.000 0.039 7.200 28.571 90.720
36.000 25.600 70.000 0.037 8.400 27.778 108.864
37.000 23.600 70.000 0.034 8.800 27.027 117.216
38.000 20.800 72.000 0.029 9.200 26.316 125.856
39.000 18.000 72.000 0.025 9.400 25.641 131.976
40.000 16.000 72.000 0.022 9.800 25.000 141.120
