# Pos/mm I/muA Dunkelstrom 5.18nA = 0.00518 muA Gitterkonstante 100/mm Abstand = 13.6cm
  1.5  0.035
  1.0  0.120
  0.5  0.850
  0.0  2.500
- 0.5  7.600
- 1.0  6.800
- 1.5  2.800
- 2.0  0.780
- 2.5  0.160
- 3.0  0.130
- 3.5  0.110
- 4.0  0.110
- 4.5  0.115
- 5.0  0.130
- 5.5  0.140
- 6.0  0.140
- 6.5  0.150
- 7.0  0.270
- 7.5  0.400
- 8.0  1.800
- 8.5 10.000
- 9.0 30.000
- 9.5 84.000
-10.0 30.000
-10.5  2.000
-11.0  0.350
-11.5  0.175
-12.0  0.115
-12.5  0.090
-13.0  0.065
-13.5  0.050
-14.0  0.040
-14.5  0.033
-15.0  0.033
-15.5  0.026
-16.0  0.030
-16.5  0.050
-17.0  0.200
-17.5  0.500
-18.0  0.900
-18.5  0.330
-19.0  0.090
-19.5  0.011
-20.0  0.017
