#$SPEC_ID:
#No sample description was entered.
#$SPEC_REM:
#DET# 1
#DETDESC# PRAK01 Easy-MCA-2k SN 15071856
#AP# Maestro Version 7.01
#$DATE_MEA:
#01/03/2002 21:44:14
#$MEAS_TIM:
#300 300
#$DATA:
#0 511
       0
       0
       0
       0
       0
       0
       0
       0
       0
       0
       0
       0
       0
       0
       0
       0
       0
       0
       0
       0
       0
       0
       0
       0
       0
       0
       0
       0
       0
       0
       0
       4
     229
     252
     260
     248
     240
     254
     216
     212
     223
     233
     232
     215
     187
     225
     205
     239
     215
     215
     214
     183
     164
     131
     112
     107
      98
     100
     111
      98
      82
      93
      88
     100
     111
     170
     248
     412
     653
     960
    1184
    1336
    1153
     850
     527
     278
     130
      45
      28
      20
      19
      13
      14
      11
       7
      12
       8
      10
       4
       9
      11
      13
       7
      10
      10
       5
      10
       9
       7
       8
       5
       5
       7
       7
      11
       7
       8
      11
       9
      10
       9
       9
      13
      13
      13
       4
       6
       5
       4
       6
      10
       5
       9
       4
       3
       6
       2
       3
       1
       4
       6
       4
       5
       0
       4
       4
       4
       2
       6
       4
       2
       3
       4
       4
       4
       4
       9
      13
       7
      12
       8
      10
       5
       5
       0
       1
       1
       1
       5
       2
       1
       2
       3
       0
       0
       2
       4
       0
       0
       0
       1
       2
       0
       0
       2
       4
       1
       1
       1
       1
       1
       3
       3
       2
       3
       0
       0
       1
       0
       1
       4
       3
       1
       1
       1
       1
       1
       0
       0
       2
       4
       0
       3
       0
       2
       0
       0
       1
       1
       1
       1
       2
       0
       1
       3
       1
       1
       1
       0
       0
       0
       0
       3
       3
       0
       0
       0
       0
       0
       1
       0
       0
       3
       0
       1
       1
       1
       0
       0
       1
       2
       0
       2
       0
       1
       0
       0
       0
       0
       1
       0
       1
       0
       0
       1
       3
       2
       2
       0
       1
       0
       1
       0
       1
       0
       1
       0
       1
       0
       0
       0
       0
       0
       0
       0
       0
       0
       0
       0
       1
       2
       1
       0
       1
       1
       0
       0
       0
       0
       0
       0
       0
       0
       0
       0
       0
       0
       0
       0
       0
       0
       0
       0
       1
       1
       0
       0
       0
       0
       0
       1
       0
       1
       0
       0
       0
       0
       0
       0
       0
       0
       0
       0
       0
       0
       0
       0
       1
       0
       0
       0
       0
       0
       0
       0
       0
       0
       0
       0
       0
       0
       0
       0
       0
       0
       0
       0
       0
       1
       0
       0
       0
       0
       0
       0
       1
       0
       0
       0
       0
       1
       0
       0
       0
       0
       0
       0
       0
       0
       0
       0
       0
       1
       0
       0
       0
       1
       0
       0
       0
       0
       0
       0
       0
       0
       0
       0
       0
       0
       0
       0
       0
       0
       1
       1
       0
       0
       0
       0
       0
       0
       0
       0
       1
       0
       0
       0
       0
       0
       0
       0
       0
       0
       0
       0
       0
       0
       0
       0
       0
       0
       0
       0
       0
       0
       0
       0
       0
       0
       0
       0
       0
       0
       0
       0
       1
       0
       0
       0
       0
       0
       0
       0
       2
       0
       0
       0
       0
       0
       0
       0
       0
       0
       0
       0
       0
       0
       0
       0
       0
       0
       0
       0
       0
       0
       0
       0
       0
       0
       0
       0
       0
       0
       0
       0
       0
       0
       0
       0
       0
       0
       0
       0
       0
       0
       0
       0
       0
       0
       0
       0
       0
       0
       0
       0
       0
       0
       0
       0
       0
       0
       0
       0
       0
       0
       0
       0
       0
       0
       0
       0
       0
#$ROI:
#0
#$PRESETS:
#Live Time
#300
#0
#$ENER_FIT:
#0.000000 9.323944
#$MCA_CAL:
#3
#0.000000E+000 9.323944E+000 0.000000E+000 keV
#$SHAPE_CAL:
#3
#0.000000E+000 0.000000E+000 0.000000E+000
