#$SPEC_ID:
#No sample description was entered.
#$SPEC_REM:
#DET# 1
#DETDESC# PRAK01 Easy-MCA-2k SN 15071856
#AP# Maestro Version 7.01
#$DATE_MEA:
#01/03/2002 23:15:14
#$MEAS_TIM:
#300 300
#$DATA:
#0 511
       0
       0
       0
       0
       0
       0
       0
       0
       0
       0
       0
       0
       0
       0
       0
       0
       0
       0
       0
       0
       0
       0
       0
       0
       0
       0
       0
       0
       0
       0
       0
       1
     105
     147
     127
     120
     133
     147
     109
     105
      94
     101
      99
      92
      83
      91
      89
      79
      81
      78
      90
      74
      70
      52
      52
      56
      54
      36
      41
      53
      41
      45
      57
      47
      58
      66
      80
     142
     192
     290
     331
     349
     292
     221
     126
      68
      32
      17
      18
      11
      12
      19
      14
      11
       9
      10
       9
      10
      12
       3
      12
      10
      13
      13
       5
       7
      11
       7
       8
       9
      15
       8
      11
      19
      10
       7
       8
      10
      12
       8
       4
       4
       9
       7
       9
       8
       9
       9
       9
      10
      10
       9
       7
      13
      10
       5
       5
       4
       4
       3
       3
       3
       5
       3
       4
       3
       1
       2
       1
       2
       4
       4
       5
       5
       8
      10
       6
      13
       7
       4
       8
       6
       4
       2
       0
       3
       3
       3
       2
       2
       0
       1
       1
       1
       0
       1
       0
       1
       2
       0
       2
       2
       2
       2
       1
       4
       2
       3
       0
       1
       0
       1
       0
       1
       2
       4
       2
       0
       0
       0
       1
       0
       6
       1
       0
       1
       0
       1
       0
       1
       2
       2
       2
       1
       2
       1
       0
       2
       1
       1
       1
       1
       1
       2
       1
       0
       0
       0
       0
       1
       2
       2
       0
       0
       0
       2
       2
       0
       1
       0
       1
       0
       0
       1
       0
       0
       0
       0
       1
       0
       1
       1
       0
       0
       1
       0
       1
       0
       0
       0
       1
       0
       2
       0
       3
       1
       1
       0
       2
       3
       0
       0
       0
       1
       0
       0
       0
       0
       0
       0
       1
       0
       0
       0
       0
       0
       0
       0
       0
       0
       0
       0
       1
       0
       0
       0
       0
       0
       1
       0
       0
       0
       1
       0
       0
       0
       1
       0
       0
       0
       1
       0
       0
       0
       0
       0
       0
       0
       0
       0
       0
       0
       0
       0
       0
       0
       0
       0
       0
       0
       1
       0
       0
       0
       0
       0
       0
       0
       0
       0
       0
       0
       0
       0
       0
       0
       0
       0
       0
       0
       0
       0
       0
       0
       0
       0
       0
       0
       0
       0
       0
       0
       0
       1
       0
       0
       0
       0
       0
       0
       0
       0
       1
       0
       0
       0
       0
       0
       0
       0
       0
       0
       0
       0
       0
       0
       0
       1
       0
       0
       0
       0
       0
       1
       0
       0
       0
       0
       0
       0
       0
       0
       0
       0
       0
       0
       0
       0
       0
       0
       0
       0
       0
       0
       0
       0
       0
       0
       0
       0
       0
       0
       0
       0
       0
       0
       0
       0
       0
       0
       0
       0
       0
       0
       0
       0
       0
       0
       0
       0
       0
       0
       0
       0
       0
       0
       0
       0
       0
       0
       0
       0
       0
       0
       0
       0
       1
       0
       0
       0
       0
       0
       0
       0
       0
       0
       0
       0
       1
       0
       0
       0
       0
       0
       0
       0
       0
       0
       0
       0
       0
       0
       0
       0
       0
       0
       0
       0
       0
       0
       0
       0
       0
       0
       0
       0
       0
       0
       0
       0
       0
       0
       0
       0
       0
       0
       0
       0
       0
       0
       0
       0
       0
       0
       0
       0
       0
       0
       0
       0
       0
       0
#$ROI:
#0
#$PRESETS:
#Live Time
#300
#0
#$ENER_FIT:
#0.000000 9.323944
#$MCA_CAL:
#3
#0.000000E+000 9.323944E+000 0.000000E+000 keV
#$SHAPE_CAL:
#3
#0.000000E+000 0.000000E+000 0.000000E+000
