#$SPEC_ID:
#No sample description was entered.
#$SPEC_REM:
#DET# 1
#DETDESC# PRAK01 Easy-MCA-2k SN 15071856
#AP# Maestro Version 7.01
#$DATE_MEA:
#01/03/2002 23:21:32
#$MEAS_TIM:
#300 300
#$DATA:
#0 511
       0
       0
       0
       0
       0
       0
       0
       0
       0
       0
       0
       0
       0
       0
       0
       0
       0
       0
       0
       0
       0
       0
       0
       0
       0
       0
       0
       0
       0
       0
       0
       0
     105
     140
     118
     103
     118
     121
     116
     111
      90
      92
     105
      99
      94
      92
      78
     109
      76
     104
      70
      79
      63
      52
      56
      38
      55
      49
      57
      39
      29
      32
      48
      39
      53
      62
      77
     153
     200
     277
     360
     331
     270
     228
     132
      52
      40
      22
      12
      25
      15
      17
      13
      11
      12
      10
      16
      17
       7
      14
       9
      14
      11
       8
      13
      12
       8
      12
      12
      12
       6
      11
      12
      14
      10
      12
      12
       5
       8
      14
       8
       3
      17
      11
      13
      10
       4
       6
       7
      13
       4
       9
      11
      10
       7
       6
       5
       7
       3
       4
       9
       6
       0
       1
       2
       4
       4
       4
       3
       6
       3
       5
       8
      12
       2
       5
      10
      10
       8
       5
       4
       4
       2
       5
       3
       2
       2
       1
       4
       1
       1
       2
       5
       0
       0
       1
       1
       0
       1
       0
       1
       2
       2
       0
       2
       2
       3
       1
       1
       0
       1
       0
       1
       1
       1
       2
       3
       0
       0
       1
       1
       0
       1
       0
       1
       0
       0
       2
       2
       0
       0
       1
       1
       1
       0
       3
       1
       0
       4
       1
       5
       2
       1
       1
       0
       4
       2
       3
       1
       1
       1
       1
       1
       0
       1
       0
       0
       2
       0
       1
       1
       2
       0
       0
       2
       0
       1
       1
       2
       1
       0
       0
       0
       0
       0
       0
       0
       0
       0
       0
       0
       0
       1
       2
       2
       2
       1
       1
       0
       1
       1
       1
       0
       0
       1
       0
       0
       0
       0
       0
       1
       1
       0
       1
       0
       0
       0
       2
       0
       1
       0
       1
       0
       1
       1
       0
       0
       0
       0
       0
       1
       0
       0
       0
       0
       0
       0
       0
       0
       0
       0
       0
       0
       0
       0
       1
       0
       0
       0
       0
       0
       0
       0
       0
       0
       0
       0
       0
       1
       0
       0
       0
       0
       0
       0
       0
       0
       0
       0
       0
       1
       0
       0
       0
       0
       0
       0
       1
       0
       0
       0
       0
       0
       0
       0
       0
       0
       0
       0
       0
       0
       1
       0
       0
       0
       0
       0
       0
       0
       0
       0
       0
       1
       0
       0
       0
       0
       0
       0
       0
       0
       0
       1
       0
       0
       0
       0
       0
       0
       0
       0
       0
       0
       1
       0
       0
       0
       0
       0
       0
       0
       0
       0
       0
       0
       0
       0
       0
       0
       0
       0
       0
       0
       0
       0
       0
       0
       0
       1
       0
       0
       0
       0
       0
       0
       0
       0
       0
       0
       0
       0
       0
       0
       0
       0
       0
       0
       0
       0
       0
       0
       0
       0
       0
       0
       0
       0
       0
       0
       0
       0
       0
       0
       0
       0
       0
       0
       0
       0
       1
       0
       0
       0
       0
       0
       0
       1
       0
       0
       0
       0
       0
       0
       0
       0
       0
       0
       0
       0
       0
       0
       0
       0
       0
       0
       0
       0
       0
       0
       0
       0
       0
       0
       0
       0
       0
       0
       0
       0
       0
       0
       0
       0
       0
       0
       0
       0
       0
       0
       0
       0
       0
       0
       0
       0
       0
       0
       0
       0
       0
       0
       0
#$ROI:
#0
#$PRESETS:
#Live Time
#300
#0
#$ENER_FIT:
#0.000000 9.323944
#$MCA_CAL:
#3
#0.000000E+000 9.323944E+000 0.000000E+000 keV
#$SHAPE_CAL:
#3
#0.000000E+000 0.000000E+000 0.000000E+000
