#$SPEC_ID:
#No sample description was entered.
#$SPEC_REM:
#DET# 1
#DETDESC# PRAK01 Easy-MCA-2k SN 15071856
#AP# Maestro Version 7.01
#$DATE_MEA:
#01/03/2002 23:28:06
#$MEAS_TIM:
#300 300
#$DATA:
#0 511
       0
       0
       0
       0
       0
       0
       0
       0
       0
       0
       0
       0
       0
       0
       0
       0
       0
       0
       0
       0
       0
       0
       0
       0
       0
       0
       0
       0
       0
       0
       0
       5
     698
     810
     811
     799
     838
     774
     769
     793
     808
     787
     850
     761
     801
     845
     805
     862
     831
     818
     770
     671
     602
     528
     416
     395
     332
     310
     354
     297
     324
     306
     363
     364
     373
     527
     855
    1579
    2619
    3948
    5054
    5334
    4952
    3673
    2217
    1168
     499
     168
      49
      21
      17
      14
      13
      10
       7
      15
       8
      10
      12
      11
      10
      14
      11
      12
      11
       9
       8
      11
      11
      10
       6
      11
       3
       9
      10
       6
       8
       9
      12
       7
       8
       9
      10
      11
       9
      12
       9
       5
      10
       7
       2
       9
       5
       7
       2
       7
       3
       3
       4
       3
       6
       4
       4
       3
       3
       2
       5
       2
       7
       4
       1
       3
       5
       8
      12
       6
       9
       9
       7
       7
       4
       5
       6
       3
       1
       1
       3
       0
       1
       1
       2
       1
       1
       2
       2
       2
       2
       1
       0
       4
       0
       1
       2
       3
       0
       4
       2
       1
       3
       3
       1
       1
       2
       1
       0
       0
       1
       1
       1
       0
       1
       4
       2
       0
       2
       2
       1
       0
       0
       0
       0
       0
       1
       0
       0
       1
       0
       1
       0
       1
       0
       1
       1
       1
       2
       0
       2
       0
       0
       3
       1
       0
       1
       2
       0
       2
       1
       2
       0
       0
       1
       0
       2
       1
       1
       1
       1
       1
       1
       0
       0
       0
       1
       0
       0
       0
       0
       1
       2
       1
       1
       1
       0
       2
       1
       0
       1
       1
       1
       0
       2
       2
       1
       0
       0
       0
       0
       0
       0
       0
       0
       0
       0
       0
       0
       0
       0
       0
       0
       0
       0
       0
       0
       0
       0
       0
       0
       1
       0
       0
       0
       0
       1
       0
       0
       0
       0
       1
       0
       0
       0
       0
       0
       0
       0
       0
       0
       0
       0
       0
       0
       0
       0
       0
       0
       0
       0
       0
       0
       0
       1
       0
       0
       0
       0
       0
       0
       0
       0
       0
       0
       0
       0
       0
       0
       0
       0
       0
       0
       0
       0
       0
       0
       0
       0
       1
       0
       0
       0
       0
       0
       0
       0
       0
       0
       0
       0
       0
       0
       0
       0
       0
       0
       0
       0
       0
       0
       0
       0
       0
       0
       0
       0
       0
       0
       0
       0
       0
       0
       0
       0
       0
       0
       0
       0
       0
       0
       0
       0
       0
       0
       0
       1
       0
       0
       0
       0
       0
       0
       0
       0
       0
       0
       0
       0
       0
       0
       0
       0
       0
       0
       0
       0
       0
       0
       1
       0
       0
       0
       0
       0
       0
       0
       0
       0
       0
       0
       0
       0
       0
       0
       0
       1
       0
       0
       0
       0
       0
       1
       0
       0
       0
       0
       0
       0
       0
       0
       0
       0
       0
       0
       1
       0
       0
       0
       0
       0
       0
       0
       0
       0
       0
       0
       0
       0
       0
       0
       0
       0
       0
       0
       0
       0
       0
       0
       0
       0
       0
       0
       0
       0
       0
       0
       0
       0
       0
       0
       0
       0
       0
       0
       0
       0
       0
       0
       0
       0
       0
       0
       0
       0
       0
       0
       0
       0
       0
       0
       0
       0
       0
       0
       0
#$ROI:
#0
#$PRESETS:
#Live Time
#300
#0
#$ENER_FIT:
#0.000000 9.323944
#$MCA_CAL:
#3
#0.000000E+000 9.323944E+000 0.000000E+000 keV
#$SHAPE_CAL:
#3
#0.000000E+000 0.000000E+000 0.000000E+000
