#$SPEC_ID:
#No sample description was entered.
#$SPEC_REM:
#DET# 1
#DETDESC# PRAK01 Easy-MCA-2k SN 15071856
#AP# Maestro Version 7.01
#$DATE_MEA:
#01/03/2002 21:50:08
#$MEAS_TIM:
#300 300
#$DATA:
#0 511
       0
       0
       0
       0
       0
       0
       0
       0
       0
       0
       0
       0
       0
       0
       0
       0
       0
       0
       0
       0
       0
       0
       0
       0
       0
       0
       0
       0
       0
       0
       0
       2
     131
     145
     127
     129
     108
     113
     108
     123
     121
      94
     127
     110
     109
     103
      93
     100
     101
      73
      80
      79
      75
      66
      56
      52
      41
      61
      53
      51
      43
      38
      42
      51
      65
      67
      86
     137
     229
     310
     339
     385
     340
     241
     165
      85
      45
      21
      12
      12
      13
      14
      12
      11
      19
      14
      13
      10
      13
      10
       8
      12
       9
       6
       9
      12
      12
      19
       4
      12
      11
      13
      10
      13
      12
      12
       8
       9
       7
       6
       3
       7
       4
       9
       9
       9
       7
       4
       6
       9
       3
       4
       5
       4
       8
       6
       4
       6
       4
       0
       4
       2
       2
       4
       2
       5
       2
       5
       5
       5
       4
       5
       6
       9
       4
       6
       7
       6
       7
       6
       6
       3
       4
       3
       2
       4
       0
       0
       1
       2
       4
       1
       2
       3
       1
       3
       1
       5
       1
       0
       1
       0
       2
       3
       3
       2
       0
       3
       0
       1
       2
       2
       1
       0
       2
       1
       1
       0
       1
       0
       1
       2
       0
       0
       1
       3
       1
       1
       2
       1
       1
       0
       1
       0
       1
       0
       0
       1
       0
       1
       0
       2
       0
       1
       0
       1
       0
       2
       2
       1
       0
       1
       2
       0
       0
       2
       0
       1
       1
       0
       1
       0
       0
       2
       1
       1
       1
       1
       0
       2
       1
       0
       1
       1
       0
       0
       0
       0
       0
       1
       1
       0
       1
       0
       0
       0
       1
       0
       1
       4
       1
       0
       1
       3
       1
       0
       0
       0
       0
       0
       0
       0
       0
       0
       1
       0
       0
       0
       0
       0
       1
       0
       0
       0
       2
       0
       0
       0
       0
       0
       0
       0
       0
       0
       0
       0
       0
       0
       0
       0
       0
       0
       0
       0
       0
       2
       0
       0
       0
       1
       0
       0
       0
       1
       0
       0
       1
       0
       0
       0
       0
       0
       0
       0
       0
       0
       0
       0
       0
       0
       0
       0
       0
       0
       1
       0
       1
       0
       0
       0
       0
       0
       0
       1
       0
       0
       0
       0
       0
       0
       0
       0
       0
       0
       0
       0
       0
       0
       0
       0
       0
       0
       0
       0
       0
       0
       0
       0
       0
       0
       0
       0
       0
       0
       0
       0
       0
       0
       0
       0
       0
       0
       0
       0
       0
       0
       0
       1
       0
       0
       1
       0
       0
       0
       0
       0
       0
       0
       0
       0
       0
       0
       0
       0
       0
       0
       0
       0
       0
       1
       0
       1
       0
       0
       0
       0
       0
       0
       0
       0
       0
       0
       0
       0
       0
       0
       0
       0
       0
       0
       0
       0
       0
       0
       0
       0
       0
       0
       0
       0
       0
       0
       0
       0
       0
       0
       1
       0
       1
       0
       0
       0
       0
       1
       0
       0
       0
       0
       0
       0
       0
       0
       0
       0
       0
       0
       0
       0
       0
       0
       0
       0
       0
       0
       0
       0
       0
       0
       0
       0
       0
       0
       0
       0
       0
       0
       0
       0
       0
       0
       0
       0
       0
       0
       0
       0
       0
       0
       0
       0
       0
       0
       0
       0
       0
       0
       0
       0
       0
       0
       0
       0
#$ROI:
#0
#$PRESETS:
#Live Time
#300
#0
#$ENER_FIT:
#0.000000 9.323944
#$MCA_CAL:
#3
#0.000000E+000 9.323944E+000 0.000000E+000 keV
#$SHAPE_CAL:
#3
#0.000000E+000 0.000000E+000 0.000000E+000
