#$SPEC_ID:
#No sample description was entered.
#$SPEC_REM:
#DET# 1
#DETDESC# PRAK01 Easy-MCA-2k SN 15071856
#AP# Maestro Version 7.01
#$DATE_MEA:
#01/03/2002 21:55:42
#$MEAS_TIM:
#300 300
#$DATA:
#0 511
       0
       0
       0
       0
       0
       0
       0
       0
       0
       0
       0
       0
       0
       0
       0
       0
       0
       0
       0
       0
       0
       0
       0
       0
       0
       0
       0
       0
       0
       0
       0
       2
     142
     147
     135
     151
     133
     138
     137
     118
     108
     112
      90
      97
      90
      91
      90
     109
      93
      93
     102
      73
      70
      64
      64
      70
      61
      53
      52
      51
      57
      40
      49
      38
      65
      83
      96
     159
     241
     380
     430
     490
     414
     298
     204
      88
      46
      25
      14
      17
      11
      20
      14
      10
      18
       6
      12
      17
      12
      10
      12
       9
       8
      12
      23
      15
      14
      10
      13
      13
       9
      13
       8
       8
      13
      13
      12
       5
       7
       8
       8
       6
       9
      11
       3
       8
       6
      10
      10
       7
       8
       6
       1
       7
       7
       4
       8
       2
       2
       2
       5
       4
       4
       4
       1
       5
       3
       5
       6
       3
       4
       3
       6
      10
       8
      12
       7
       8
       6
       7
       8
       4
       3
       5
       2
       1
       3
       2
       1
       2
       0
       2
       0
       1
       3
       0
       4
       1
       1
       3
       3
       1
       1
       3
       3
       1
       2
       3
       1
       2
       0
       1
       0
       1
       1
       0
       1
       1
       1
       1
       1
       0
       0
       2
       1
       3
       1
       1
       1
       0
       1
       3
       2
       0
       1
       0
       3
       0
       1
       1
       2
       2
       0
       1
       1
       0
       4
       0
       1
       0
       1
       0
       0
       1
       1
       1
       2
       2
       3
       0
       2
       1
       1
       0
       1
       1
       3
       0
       1
       1
       0
       0
       0
       0
       1
       1
       0
       0
       0
       1
       2
       0
       0
       0
       1
       3
       1
       1
       0
       2
       1
       0
       0
       1
       1
       0
       1
       0
       1
       1
       0
       1
       0
       0
       0
       0
       0
       0
       0
       0
       0
       1
       0
       0
       0
       0
       0
       0
       0
       0
       0
       0
       0
       0
       0
       0
       0
       0
       1
       0
       1
       1
       0
       0
       0
       0
       0
       0
       0
       0
       0
       1
       1
       0
       0
       0
       1
       0
       0
       0
       0
       0
       0
       0
       0
       0
       0
       0
       0
       0
       0
       0
       0
       0
       0
       0
       0
       0
       0
       0
       0
       0
       0
       0
       0
       1
       0
       0
       0
       1
       0
       0
       0
       0
       1
       0
       0
       0
       0
       0
       0
       0
       0
       0
       0
       0
       0
       0
       0
       0
       0
       0
       0
       0
       0
       0
       0
       0
       0
       0
       0
       0
       0
       0
       0
       0
       0
       0
       0
       1
       0
       0
       0
       0
       0
       0
       0
       0
       1
       1
       0
       0
       0
       0
       0
       0
       0
       0
       0
       0
       0
       0
       0
       0
       0
       0
       0
       0
       1
       0
       0
       0
       0
       1
       0
       0
       0
       2
       0
       1
       0
       0
       0
       0
       0
       0
       1
       0
       0
       0
       0
       0
       0
       0
       0
       0
       0
       0
       0
       0
       1
       0
       0
       0
       0
       0
       0
       0
       0
       0
       0
       0
       0
       0
       0
       0
       0
       0
       0
       0
       0
       0
       0
       0
       0
       0
       0
       0
       0
       0
       0
       0
       0
       0
       0
       0
       0
       0
       0
       0
       0
       0
       0
       0
       0
       0
       0
       0
       0
       0
       0
       0
       0
       0
       0
       0
       0
       0
       0
       0
       0
       0
#$ROI:
#0
#$PRESETS:
#Live Time
#300
#0
#$ENER_FIT:
#0.000000 9.323944
#$MCA_CAL:
#3
#0.000000E+000 9.323944E+000 0.000000E+000 keV
#$SHAPE_CAL:
#3
#0.000000E+000 0.000000E+000 0.000000E+000
