#$SPEC_ID:
#No sample description was entered.
#$SPEC_REM:
#DET# 1
#DETDESC# PRAK01 Easy-MCA-2k SN 15071856
#AP# Maestro Version 7.01
#$DATE_MEA:
#01/03/2002 22:40:21
#$MEAS_TIM:
#300 300
#$DATA:
#0 511
       0
       0
       0
       0
       0
       0
       0
       0
       0
       0
       0
       0
       0
       0
       0
       0
       0
       0
       0
       0
       0
       0
       0
       0
       0
       0
       0
       0
       0
       0
       0
       1
     195
     244
     210
     184
     167
     173
     185
     166
     173
     138
     163
     159
     161
     182
     175
     148
     180
     143
     108
     124
     108
     113
     100
      69
      69
      73
      82
      65
      66
      64
      86
      87
      97
     120
     175
     308
     478
     655
     752
     831
     708
     576
     306
     154
      64
      36
      20
      11
       9
      14
      10
       9
      12
      13
      10
      10
      11
       9
      13
      13
      14
       7
      15
       9
      12
      10
      10
      10
      12
       7
       9
       8
       9
       9
       5
       8
       7
       5
       8
       9
       7
      10
      11
      10
       8
      11
      10
       7
       5
       5
       4
       4
      12
       4
       6
       2
       4
       7
       4
       2
       5
       1
       3
       1
       6
       5
       6
       2
       4
       4
       3
       8
       3
      12
       6
       6
      16
       7
       6
       3
       7
       0
       3
       0
       1
       2
       3
       1
       1
       4
       1
       2
       3
       1
       1
       0
       1
       2
       2
       1
       4
       2
       0
       4
       5
       2
       0
       1
       2
       0
       1
       0
       1
       0
       0
       1
       2
       0
       0
       1
       1
       0
       1
       1
       1
       2
       1
       0
       0
       2
       3
       1
       1
       1
       1
       1
       2
       1
       0
       0
       1
       1
       0
       0
       2
       3
       1
       0
       3
       1
       0
       1
       0
       0
       2
       1
       2
       0
       0
       0
       0
       0
       2
       1
       0
       0
       0
       0
       0
       1
       1
       0
       1
       0
       1
       0
       0
       0
       0
       1
       1
       0
       1
       1
       0
       2
       0
       0
       1
       0
       0
       0
       1
       0
       0
       0
       0
       0
       2
       0
       0
       0
       0
       0
       0
       0
       0
       0
       0
       0
       0
       0
       0
       0
       0
       0
       0
       0
       1
       0
       0
       0
       0
       0
       1
       0
       0
       0
       0
       1
       0
       0
       0
       0
       0
       0
       0
       0
       0
       0
       0
       0
       0
       1
       0
       0
       0
       0
       0
       0
       0
       0
       0
       0
       0
       0
       0
       0
       0
       0
       0
       0
       0
       0
       0
       0
       0
       0
       0
       0
       0
       0
       0
       0
       0
       0
       0
       0
       0
       0
       0
       0
       0
       0
       0
       0
       0
       0
       0
       0
       0
       0
       0
       0
       0
       0
       1
       0
       0
       0
       1
       0
       0
       0
       1
       0
       0
       0
       0
       0
       0
       0
       0
       0
       0
       0
       0
       1
       0
       0
       0
       0
       0
       0
       0
       0
       0
       0
       0
       0
       0
       0
       0
       1
       0
       1
       0
       0
       0
       1
       0
       0
       1
       1
       0
       0
       1
       0
       0
       0
       0
       0
       0
       0
       0
       0
       0
       0
       0
       0
       0
       0
       0
       0
       0
       0
       0
       0
       0
       0
       0
       0
       0
       0
       0
       0
       0
       0
       0
       0
       1
       0
       0
       1
       0
       0
       0
       0
       0
       0
       0
       0
       0
       0
       0
       0
       0
       0
       0
       0
       0
       0
       0
       0
       0
       0
       0
       0
       0
       0
       0
       0
       0
       0
       0
       0
       0
       0
       0
       0
       0
       0
       0
       0
       0
       0
       0
       0
       0
       0
       0
       0
       0
       0
       0
       0
       0
       0
       0
       0
#$ROI:
#0
#$PRESETS:
#Live Time
#300
#0
#$ENER_FIT:
#0.000000 9.323944
#$MCA_CAL:
#3
#0.000000E+000 9.323944E+000 0.000000E+000 keV
#$SHAPE_CAL:
#3
#0.000000E+000 0.000000E+000 0.000000E+000
