#$SPEC_ID:
#No sample description was entered.
#$SPEC_REM:
#DET# 1
#DETDESC# PRAK01 Easy-MCA-2k SN 15071856
#AP# Maestro Version 7.01
#$DATE_MEA:
#01/03/2002 22:45:52
#$MEAS_TIM:
#300 300
#$DATA:
#0 511
       0
       0
       0
       0
       0
       0
       0
       0
       0
       0
       0
       0
       0
       0
       0
       0
       0
       0
       0
       0
       0
       0
       0
       0
       0
       0
       0
       0
       0
       0
       0
       2
     171
     187
     197
     186
     174
     168
     153
     156
     134
     125
     145
     152
     139
     159
     132
     139
     143
     122
     125
     117
     112
      80
      82
      68
      52
      68
      66
      71
      39
      58
      66
      63
      83
     110
     178
     268
     405
     592
     734
     803
     676
     506
     288
     157
      76
      38
      23
      16
      12
      11
      10
      12
      14
      16
      18
       6
      10
      13
       8
       8
      12
       9
      11
      12
       7
       8
      11
      10
      10
       8
       8
      13
       9
       9
       9
       5
       9
       4
       5
       7
       6
       7
       6
      10
      13
       9
       9
      12
       8
       7
       8
       8
       7
       3
      10
       7
       4
       4
       4
       3
       3
       3
       5
       5
       2
       5
       3
       7
       9
       4
      12
       9
      10
       9
       7
      10
      11
       6
       1
      11
       3
       6
       1
       1
       3
       1
       1
       1
       1
       2
       4
       0
       0
       2
       1
       0
       2
       2
       1
       4
       1
       0
       2
       2
       1
       2
       0
       0
       0
       2
       1
       1
       3
       1
       2
       1
       0
       1
       1
       0
       1
       3
       2
       0
       0
       1
       1
       1
       0
       1
       0
       1
       0
       3
       1
       0
       1
       0
       0
       2
       2
       1
       0
       1
       2
       1
       2
       1
       2
       0
       0
       3
       1
       0
       0
       0
       0
       0
       0
       1
       1
       1
       1
       0
       1
       1
       1
       0
       0
       0
       0
       0
       1
       0
       0
       1
       0
       1
       0
       1
       2
       1
       1
       3
       2
       2
       1
       1
       0
       0
       0
       1
       0
       1
       0
       0
       0
       0
       0
       1
       0
       0
       0
       0
       0
       0
       0
       0
       0
       0
       0
       1
       0
       0
       1
       0
       0
       1
       0
       0
       0
       0
       2
       0
       0
       1
       0
       0
       0
       0
       0
       0
       0
       0
       0
       0
       0
       0
       0
       0
       0
       0
       0
       0
       0
       0
       0
       0
       0
       0
       0
       0
       0
       0
       0
       0
       0
       0
       0
       0
       0
       0
       0
       0
       0
       0
       0
       0
       0
       0
       0
       0
       0
       2
       0
       0
       0
       0
       0
       0
       0
       0
       0
       0
       1
       0
       0
       0
       0
       0
       0
       0
       0
       1
       0
       0
       0
       0
       0
       0
       1
       0
       0
       0
       0
       0
       1
       0
       0
       0
       0
       0
       0
       0
       0
       0
       0
       0
       0
       0
       0
       0
       0
       0
       0
       0
       0
       0
       0
       0
       0
       0
       0
       0
       0
       0
       0
       0
       0
       0
       0
       0
       0
       0
       0
       0
       0
       0
       0
       0
       0
       0
       0
       0
       0
       0
       0
       0
       0
       0
       0
       0
       0
       0
       0
       0
       0
       0
       1
       0
       0
       0
       0
       0
       0
       0
       0
       0
       0
       0
       0
       0
       0
       0
       0
       0
       0
       0
       0
       0
       0
       0
       0
       0
       0
       0
       0
       0
       0
       0
       0
       0
       0
       0
       0
       0
       0
       0
       0
       0
       0
       0
       0
       0
       0
       0
       0
       0
       0
       0
       0
       0
       0
       0
       0
       0
       0
       0
       0
       0
       0
       0
       0
       0
       0
       0
       0
       0
       0
       0
#$ROI:
#0
#$PRESETS:
#Live Time
#300
#0
#$ENER_FIT:
#0.000000 9.323944
#$MCA_CAL:
#3
#0.000000E+000 9.323944E+000 0.000000E+000 keV
#$SHAPE_CAL:
#3
#0.000000E+000 0.000000E+000 0.000000E+000
