#$SPEC_ID:
#No sample description was entered.
#$SPEC_REM:
#DET# 1
#DETDESC# PRAK01 Easy-MCA-2k SN 15071856
#AP# Maestro Version 7.01
#$DATE_MEA:
#01/03/2002 22:51:33
#$MEAS_TIM:
#300 300
#$DATA:
#0 511
       0
       0
       0
       0
       0
       0
       0
       0
       0
       0
       0
       0
       0
       0
       0
       0
       0
       0
       0
       0
       0
       0
       0
       0
       0
       0
       0
       0
       0
       0
       0
       0
     228
     305
     275
     305
     228
     277
     262
     275
     272
     241
     230
     257
     272
     236
     243
     240
     244
     196
     203
     196
     145
     134
     142
     111
     116
     113
     102
     105
     107
     120
      99
     112
     123
     183
     252
     439
     730
    1004
    1346
    1402
    1237
     911
     551
     286
     122
      50
      14
      16
      12
      10
      11
      13
      14
      19
      14
       4
      11
       9
      11
      14
      12
      10
      18
      14
       7
       7
       9
       6
       3
      14
       5
      15
       3
       6
      11
       9
       8
       9
       4
       5
       8
      10
      12
      11
      10
       1
      14
       9
       7
      11
       8
       2
       4
       7
       5
       5
       5
       1
       6
       6
       0
       5
       3
       2
       7
       4
       3
       9
       1
       5
       3
       7
       9
       4
       5
       4
       5
       9
       5
       5
       6
       5
       2
       2
       1
       3
       2
       2
       0
       1
       2
       3
       1
       0
       3
       1
       1
       0
       3
       1
       2
       1
       4
       0
       3
       1
       1
       0
       0
       0
       1
       1
       1
       0
       1
       1
       1
       0
       1
       2
       1
       0
       0
       1
       1
       0
       0
       1
       1
       1
       2
       2
       0
       1
       0
       1
       0
       1
       1
       0
       3
       0
       0
       0
       3
       1
       1
       1
       0
       0
       0
       1
       0
       3
       0
       0
       1
       0
       1
       1
       1
       0
       0
       0
       0
       0
       1
       1
       0
       1
       1
       0
       2
       0
       0
       1
       1
       0
       1
       0
       1
       2
       0
       0
       1
       0
       1
       0
       0
       1
       0
       0
       1
       0
       0
       0
       0
       0
       0
       1
       1
       0
       1
       0
       0
       0
       0
       0
       0
       0
       0
       0
       0
       0
       0
       0
       0
       0
       0
       0
       0
       0
       0
       0
       0
       0
       0
       1
       0
       0
       0
       0
       0
       0
       0
       0
       0
       1
       0
       0
       0
       1
       0
       0
       0
       1
       0
       1
       0
       0
       0
       0
       0
       0
       1
       0
       0
       0
       0
       0
       1
       0
       0
       0
       0
       0
       0
       0
       0
       0
       0
       0
       0
       1
       0
       0
       0
       0
       1
       0
       0
       1
       0
       0
       0
       0
       1
       0
       0
       0
       0
       0
       0
       0
       0
       0
       0
       0
       0
       0
       0
       0
       0
       0
       0
       0
       0
       0
       0
       0
       0
       0
       1
       0
       0
       0
       0
       0
       0
       0
       0
       0
       0
       0
       0
       0
       0
       0
       0
       0
       0
       0
       0
       0
       0
       0
       0
       0
       0
       0
       0
       1
       0
       0
       0
       0
       0
       0
       0
       0
       0
       0
       0
       0
       0
       0
       0
       0
       0
       0
       0
       0
       0
       0
       0
       0
       0
       0
       0
       0
       0
       0
       0
       0
       0
       0
       0
       0
       0
       0
       0
       0
       1
       0
       0
       0
       0
       0
       1
       0
       0
       0
       0
       0
       0
       0
       0
       0
       0
       0
       0
       0
       0
       0
       0
       0
       0
       0
       0
       0
       0
       0
       0
       0
       0
       0
       0
       0
       0
       0
       0
       0
       0
       0
       0
       0
       0
       0
       0
       0
       0
       0
       0
       0
       0
       0
       0
       0
       0
       0
#$ROI:
#0
#$PRESETS:
#Live Time
#300
#0
#$ENER_FIT:
#0.000000 9.323944
#$MCA_CAL:
#3
#0.000000E+000 9.323944E+000 0.000000E+000 keV
#$SHAPE_CAL:
#3
#0.000000E+000 0.000000E+000 0.000000E+000
