#$SPEC_ID:
#No sample description was entered.
#$SPEC_REM:
#DET# 1
#DETDESC# PRAK01 Easy-MCA-2k SN 15071856
#AP# Maestro Version 7.01
#$DATE_MEA:
#01/03/2002 22:57:39
#$MEAS_TIM:
#300 300
#$DATA:
#0 511
       0
       0
       0
       0
       0
       0
       0
       0
       0
       0
       0
       0
       0
       0
       0
       0
       0
       0
       0
       0
       0
       0
       0
       0
       0
       0
       0
       0
       0
       0
       0
       1
     121
     157
     131
     130
     150
     133
     131
     122
     112
     106
     106
     103
     103
      95
     104
     103
     114
      93
      88
      98
      73
      78
      56
      60
      68
      43
      43
      46
      52
      40
      50
      51
      47
      76
     115
     167
     271
     368
     424
     498
     409
     332
     195
      96
      58
      35
      26
      14
      14
      15
      17
      19
      11
      14
       7
       9
      15
       5
      14
      12
      12
      23
       8
      12
      19
       8
       9
       8
       9
       9
      13
       7
       8
       8
       5
       5
       5
       5
       6
       7
       7
      10
       8
       6
       8
      11
      11
       5
       8
      11
       6
       4
       5
      10
       6
      12
       3
       5
       5
       4
       5
       3
       2
       3
       5
       5
      10
       3
       7
       7
       6
       3
      10
       3
       7
       7
       4
      11
       5
       6
       3
       4
       1
       1
       2
       1
       1
       1
       4
       3
       1
       3
       0
       1
       1
       0
       0
       2
       0
       0
       2
       1
       2
       3
       1
       2
       2
       1
       4
       1
       1
       2
       1
       2
       0
       1
       2
       0
       0
       0
       2
       1
       1
       2
       1
       0
       0
       2
       0
       0
       1
       0
       0
       2
       1
       1
       2
       1
       0
       1
       0
       0
       1
       1
       1
       0
       0
       0
       0
       1
       2
       0
       0
       1
       1
       2
       2
       1
       0
       0
       1
       0
       0
       0
       0
       0
       0
       1
       0
       1
       0
       0
       0
       0
       0
       0
       0
       0
       0
       0
       1
       0
       2
       0
       2
       0
       1
       0
       0
       0
       1
       0
       0
       0
       0
       0
       0
       0
       0
       0
       0
       0
       0
       0
       0
       0
       0
       0
       0
       0
       0
       0
       0
       0
       0
       0
       0
       0
       0
       0
       0
       0
       0
       0
       0
       0
       0
       0
       0
       0
       0
       0
       0
       1
       0
       0
       0
       0
       0
       0
       0
       0
       1
       1
       0
       0
       0
       0
       0
       0
       0
       0
       1
       0
       0
       0
       0
       0
       0
       0
       0
       0
       0
       1
       1
       0
       0
       0
       0
       0
       0
       0
       0
       0
       0
       0
       0
       0
       0
       0
       0
       0
       0
       0
       0
       0
       0
       0
       0
       0
       0
       0
       0
       0
       0
       0
       0
       0
       0
       0
       0
       0
       0
       0
       0
       0
       0
       0
       0
       0
       0
       0
       0
       1
       0
       0
       0
       0
       0
       0
       0
       0
       0
       0
       0
       0
       0
       0
       0
       1
       0
       0
       0
       0
       0
       0
       0
       0
       0
       0
       0
       0
       0
       0
       0
       0
       0
       0
       0
       0
       0
       0
       0
       0
       0
       0
       0
       0
       0
       0
       0
       0
       0
       0
       0
       0
       1
       0
       0
       0
       0
       1
       0
       0
       0
       1
       0
       0
       0
       0
       0
       0
       0
       0
       0
       0
       0
       0
       0
       0
       0
       0
       0
       0
       0
       0
       0
       0
       0
       0
       0
       0
       0
       0
       0
       0
       0
       0
       0
       0
       0
       0
       0
       0
       0
       0
       0
       0
       0
       0
       0
       0
       0
       0
       0
       0
       0
       0
       0
       0
       0
       0
       0
       0
       0
       0
       0
       0
       0
       0
#$ROI:
#0
#$PRESETS:
#Live Time
#300
#0
#$ENER_FIT:
#0.000000 9.323944
#$MCA_CAL:
#3
#0.000000E+000 9.323944E+000 0.000000E+000 keV
#$SHAPE_CAL:
#3
#0.000000E+000 0.000000E+000 0.000000E+000
