#$SPEC_ID:
#No sample description was entered.
#$SPEC_REM:
#DET# 1
#DETDESC# PRAK01 Easy-MCA-2k SN 15071856
#AP# Maestro Version 7.01
#$DATE_MEA:
#01/03/2002 23:03:07
#$MEAS_TIM:
#300 300
#$DATA:
#0 511
       0
       0
       0
       0
       0
       0
       0
       0
       0
       0
       0
       0
       0
       0
       0
       0
       0
       0
       0
       0
       0
       0
       0
       0
       0
       0
       0
       0
       0
       0
       0
       1
     131
     134
     140
     147
     141
     117
     123
     129
     105
      88
      84
      90
     101
      95
     100
      93
      96
      75
      66
      72
      68
      81
      38
      30
      76
      49
      53
      49
      47
      50
      47
      48
      58
      74
      84
     129
     194
     304
     380
     374
     341
     230
     161
      69
      51
      24
      18
       8
      14
      13
      11
      11
      14
      14
      16
       7
      10
      11
      11
      15
       6
      12
      16
      13
      16
      15
      16
      12
      10
      12
      10
       6
      10
       9
       9
       2
       6
       7
       7
       5
       5
       5
       6
      10
       6
      10
       8
       4
       5
      14
       3
       6
       3
       4
       6
       4
       5
       2
       7
       1
       2
       1
       3
       4
       6
       4
       2
       4
       4
       9
       2
      12
       9
       4
       8
       7
       7
       5
      10
       4
       3
       3
       2
       0
       1
       1
       1
       1
       1
       0
       2
       1
       4
       4
       4
       2
       0
       2
       6
       2
       1
       0
       0
       0
       1
       1
       2
       1
       1
       0
       2
       1
       3
       2
       3
       1
       3
       0
       1
       0
       2
       0
       1
       1
       0
       2
       0
       1
       1
       0
       0
       1
       0
       0
       1
       1
       1
       1
       0
       1
       1
       1
       1
       0
       1
       0
       0
       0
       1
       2
       1
       0
       0
       1
       0
       1
       0
       1
       0
       0
       1
       1
       0
       0
       0
       0
       2
       1
       0
       0
       0
       0
       0
       0
       0
       1
       0
       1
       0
       0
       2
       1
       2
       1
       1
       0
       0
       0
       0
       0
       0
       1
       0
       0
       0
       1
       0
       0
       0
       0
       0
       0
       0
       0
       0
       0
       1
       0
       0
       2
       0
       0
       0
       0
       0
       0
       0
       0
       0
       0
       0
       1
       0
       1
       0
       0
       0
       0
       0
       0
       0
       0
       0
       0
       0
       0
       0
       1
       0
       0
       0
       0
       1
       0
       0
       0
       0
       0
       0
       0
       0
       0
       0
       0
       0
       0
       0
       0
       0
       0
       1
       0
       0
       0
       0
       1
       0
       0
       0
       1
       0
       0
       0
       0
       0
       0
       0
       0
       0
       0
       0
       0
       0
       1
       0
       0
       0
       0
       0
       0
       0
       0
       0
       0
       0
       0
       0
       0
       0
       0
       0
       0
       0
       0
       0
       0
       0
       0
       0
       0
       0
       0
       0
       0
       0
       0
       0
       0
       0
       0
       0
       0
       0
       0
       1
       1
       0
       0
       0
       0
       0
       0
       0
       0
       0
       0
       0
       0
       0
       0
       0
       0
       1
       0
       0
       0
       0
       0
       1
       0
       0
       0
       0
       0
       0
       0
       0
       0
       0
       0
       1
       0
       0
       0
       0
       0
       0
       0
       0
       0
       0
       0
       0
       0
       0
       0
       1
       0
       0
       0
       0
       0
       0
       0
       0
       0
       0
       0
       1
       0
       0
       0
       0
       0
       0
       0
       0
       0
       0
       0
       0
       0
       0
       0
       0
       0
       0
       0
       0
       0
       0
       0
       0
       0
       0
       0
       0
       0
       0
       0
       0
       0
       0
       0
       0
       0
       0
       0
       0
       0
       0
       0
       0
       0
       0
       0
       0
       0
       0
       0
#$ROI:
#0
#$PRESETS:
#Live Time
#300
#0
#$ENER_FIT:
#0.000000 9.323944
#$MCA_CAL:
#3
#0.000000E+000 9.323944E+000 0.000000E+000 keV
#$SHAPE_CAL:
#3
#0.000000E+000 0.000000E+000 0.000000E+000
