#$SPEC_ID:
#No sample description was entered.
#$SPEC_REM:
#DET# 1
#DETDESC# PRAK01 Easy-MCA-2k SN 15071856
#AP# Maestro Version 7.01
#$DATE_MEA:
#01/03/2002 23:08:34
#$MEAS_TIM:
#300 300
#$DATA:
#0 511
       0
       0
       0
       0
       0
       0
       0
       0
       0
       0
       0
       0
       0
       0
       0
       0
       0
       0
       0
       0
       0
       0
       0
       0
       0
       0
       0
       0
       0
       0
       0
       6
     237
     261
     245
     260
     235
     234
     235
     250
     234
     208
     215
     221
     215
     236
     228
     203
     215
     206
     194
     181
     138
     143
     120
     103
     105
      88
      97
      90
      89
      97
     100
      93
     133
     157
     239
     392
     666
    1043
    1328
    1458
    1246
     929
     560
     297
     118
      44
      22
      14
      27
      14
      18
       8
       8
      11
      15
      15
      22
      10
      10
       7
      12
      11
      11
      20
      13
      14
      12
      10
      12
      10
       8
       8
      10
       8
       6
       6
       5
      11
       6
      11
       6
       8
      10
      12
       9
       6
       6
       7
       6
       6
       8
       7
       2
      10
       4
       6
       6
       7
       1
       5
       1
       2
       1
       4
       8
       4
       2
      11
       8
       6
       4
       9
       3
       8
       8
      12
       7
      14
       5
       8
       8
       6
       1
       5
       2
       2
       1
       1
       2
       1
       0
       2
       0
       1
       0
       4
       3
       2
       2
       3
       1
       2
       4
       4
       2
       1
       5
       0
       3
       3
       0
       0
       2
       0
       0
       1
       2
       1
       5
       0
       0
       0
       0
       0
       2
       3
       0
       0
       0
       0
       0
       0
       3
       1
       0
       0
       3
       1
       0
       1
       2
       0
       1
       1
       0
       1
       1
       1
       2
       0
       2
       0
       0
       0
       1
       0
       0
       1
       1
       1
       1
       1
       1
       0
       1
       0
       0
       1
       0
       0
       0
       0
       0
       0
       0
       0
       2
       2
       1
       1
       2
       1
       1
       2
       0
       2
       1
       2
       2
       2
       2
       0
       1
       0
       0
       0
       0
       0
       0
       0
       0
       0
       1
       0
       0
       1
       0
       0
       0
       0
       0
       0
       0
       0
       0
       0
       0
       0
       0
       0
       0
       0
       0
       0
       0
       0
       0
       0
       0
       1
       0
       0
       0
       0
       0
       1
       0
       1
       0
       0
       0
       0
       0
       0
       0
       0
       1
       0
       0
       0
       0
       0
       0
       0
       0
       0
       0
       0
       0
       0
       1
       0
       0
       0
       0
       0
       0
       0
       0
       0
       1
       0
       0
       0
       0
       0
       1
       0
       0
       0
       0
       0
       0
       0
       0
       0
       1
       0
       0
       1
       0
       0
       0
       0
       0
       0
       0
       0
       0
       0
       0
       0
       0
       0
       0
       0
       0
       1
       0
       0
       0
       0
       1
       1
       0
       0
       0
       0
       0
       0
       0
       0
       0
       0
       0
       0
       0
       0
       0
       0
       0
       0
       0
       0
       0
       0
       0
       1
       0
       0
       0
       0
       0
       0
       0
       0
       0
       1
       0
       0
       0
       0
       0
       0
       0
       0
       0
       0
       0
       0
       0
       0
       0
       0
       0
       0
       0
       0
       0
       0
       0
       0
       0
       0
       0
       0
       0
       0
       0
       0
       0
       0
       0
       0
       0
       0
       0
       0
       0
       0
       0
       0
       0
       0
       0
       0
       0
       0
       0
       0
       0
       0
       0
       0
       0
       0
       0
       0
       0
       0
       0
       0
       0
       0
       0
       0
       0
       0
       0
       0
       0
       0
       0
       0
       0
       0
       0
       0
       0
       0
       0
       0
       0
       0
       0
       0
       0
       0
       0
       0
#$ROI:
#0
#$PRESETS:
#Live Time
#300
#0
#$ENER_FIT:
#0.000000 9.323944
#$MCA_CAL:
#3
#0.000000E+000 9.323944E+000 0.000000E+000 keV
#$SHAPE_CAL:
#3
#0.000000E+000 0.000000E+000 0.000000E+000
