#$SPEC_ID:
#No sample description was entered.
#$SPEC_REM:
#DET# 1
#DETDESC# PRAK01 Easy-MCA-2k SN 15071856
#AP# Maestro Version 7.01
#$DATE_MEA:
#01/03/2002 20:35:20
#$MEAS_TIM:
#100 100
#$DATA:
#0 511
       0
       0
       0
       0
       0
       0
       0
       0
       0
       0
       0
       0
       0
       0
       0
       0
       0
       0
       0
       0
       0
       0
       0
       0
       0
       0
       0
       0
       0
       0
       0
       6
     422
     498
     488
     501
     572
     542
     493
     457
     525
     482
     481
     502
     481
     499
     517
     570
     502
     484
     408
     402
     346
     289
     266
     229
     191
     188
     209
     181
     184
     180
     198
     216
     221
     347
     574
     946
    1541
    2444
    3143
    3284
    2996
    2237
    1400
     722
     257
     100
      40
      11
       4
       5
       5
       6
       6
       5
       3
       7
       4
       1
       3
       5
       2
       5
       3
       1
       4
       5
       4
       3
       4
       2
       2
       1
       2
       2
       8
       3
       6
       4
       4
       3
       2
       1
       2
       4
       2
       4
       2
       1
       1
       4
       3
       3
       0
       0
       1
       4
       2
       1
       1
       2
       0
       1
       2
       1
       1
       1
       4
       2
       1
       0
       0
       3
       1
       5
       4
       6
       3
       0
       0
       2
       1
       2
       3
       3
       0
       0
       3
       1
       0
       1
       0
       0
       0
       0
       2
       0
       0
       1
       1
       1
       1
       0
       1
       2
       0
       0
       0
       1
       0
       1
       1
       0
       1
       0
       0
       0
       0
       0
       0
       0
       0
       1
       0
       0
       0
       0
       0
       0
       0
       0
       0
       1
       1
       1
       0
       0
       0
       0
       0
       1
       0
       0
       0
       1
       0
       0
       0
       0
       0
       0
       0
       1
       1
       1
       0
       1
       0
       0
       0
       0
       0
       0
       0
       0
       0
       0
       1
       0
       0
       0
       1
       1
       0
       0
       0
       0
       0
       0
       0
       0
       0
       0
       2
       0
       0
       0
       0
       0
       0
       1
       0
       0
       0
       0
       0
       1
       0
       0
       0
       0
       0
       0
       0
       0
       0
       0
       0
       0
       0
       0
       0
       0
       1
       0
       0
       0
       0
       0
       0
       0
       0
       0
       0
       0
       0
       0
       0
       0
       0
       0
       0
       0
       0
       0
       0
       1
       0
       0
       0
       0
       0
       0
       0
       1
       1
       0
       0
       0
       0
       0
       0
       0
       0
       0
       0
       0
       0
       0
       0
       0
       0
       0
       0
       0
       0
       0
       0
       0
       0
       0
       0
       0
       0
       0
       0
       0
       0
       0
       0
       0
       0
       0
       0
       0
       0
       0
       0
       0
       0
       0
       0
       0
       0
       0
       0
       0
       0
       0
       0
       0
       0
       0
       0
       0
       0
       1
       0
       0
       0
       0
       0
       0
       0
       0
       0
       0
       0
       0
       0
       0
       0
       0
       0
       0
       0
       0
       0
       0
       0
       0
       0
       0
       0
       0
       0
       0
       0
       0
       0
       0
       0
       0
       0
       0
       0
       0
       0
       0
       0
       0
       0
       0
       0
       0
       0
       0
       0
       0
       0
       0
       0
       0
       0
       0
       0
       0
       0
       0
       0
       0
       0
       0
       0
       0
       0
       0
       0
       0
       0
       0
       0
       1
       0
       0
       0
       0
       0
       0
       0
       0
       0
       0
       0
       0
       0
       0
       0
       0
       0
       0
       0
       0
       0
       0
       0
       0
       0
       0
       0
       0
       0
       0
       0
       0
       0
       0
       0
       0
       0
       0
       0
       0
       0
       0
       0
       0
       0
       0
       0
       0
       0
       0
       0
       0
       0
       0
       0
       0
       0
       0
#$ROI:
#0
#$PRESETS:
#Live Time
#100
#0
#$ENER_FIT:
#0.000000 9.323944
#$MCA_CAL:
#3
#0.000000E+000 9.323944E+000 0.000000E+000 keV
#$SHAPE_CAL:
#3
#0.000000E+000 0.000000E+000 0.000000E+000
