#$SPEC_ID:
#No sample description was entered.
#$SPEC_REM:
#DET# 1
#DETDESC# PRAK01 Easy-MCA-2k SN 15071856
#AP# Maestro Version 7.01
#$DATE_MEA:
#01/03/2002 20:42:35
#$MEAS_TIM:
#100 100
#$DATA:
#0 511
       0
       0
       0
       0
       0
       0
       0
       0
       0
       0
       0
       0
       0
       0
       0
       0
       0
       0
       0
       0
       0
       0
       0
       0
       0
       0
       0
       0
       0
       0
       0
       6
     457
     520
     510
     531
     522
     494
     532
     480
     498
     481
     497
     513
     479
     521
     509
     537
     514
     485
     466
     410
     362
     289
     284
     221
     224
     216
     183
     186
     202
     195
     231
     241
     228
     323
     549
     890
    1570
    2380
    3131
    3279
    3038
    2311
    1384
     689
     290
      98
      24
      10
       8
       3
       4
       3
       5
       1
       6
       6
       4
       0
       7
       2
       1
       5
       1
       4
       3
       2
       3
       1
       4
       6
       5
       4
       2
       2
       4
       2
       2
       3
       3
       6
       2
       3
       3
       4
       6
       3
       5
       4
       1
       5
       2
       2
       4
       3
       2
       2
       0
       4
       2
       1
       2
       0
       1
       2
       1
       2
       2
       0
       0
       2
       0
       1
       3
       0
       2
       3
       7
       3
       1
       2
       2
       1
       2
       1
       1
       0
       0
       0
       0
       1
       1
       0
       0
       1
       0
       1
       1
       0
       0
       0
       1
       0
       1
       0
       1
       0
       1
       1
       2
       0
       0
       0
       1
       0
       1
       1
       0
       0
       0
       1
       0
       0
       0
       0
       0
       1
       0
       1
       0
       1
       0
       0
       1
       0
       0
       1
       1
       0
       0
       0
       1
       0
       0
       0
       0
       0
       0
       1
       0
       0
       0
       0
       0
       0
       1
       1
       1
       0
       0
       0
       0
       0
       0
       0
       1
       0
       0
       0
       0
       0
       0
       0
       0
       0
       0
       1
       0
       1
       0
       0
       0
       0
       1
       0
       0
       0
       1
       1
       1
       0
       0
       0
       0
       0
       1
       0
       0
       0
       0
       0
       0
       0
       0
       0
       0
       0
       0
       0
       0
       0
       2
       0
       0
       0
       0
       1
       0
       0
       1
       0
       1
       0
       0
       0
       0
       0
       0
       0
       0
       0
       0
       0
       0
       0
       0
       0
       0
       0
       0
       0
       0
       0
       0
       0
       0
       0
       0
       0
       0
       0
       0
       0
       0
       0
       0
       0
       0
       0
       0
       0
       0
       0
       0
       0
       0
       0
       0
       0
       0
       0
       0
       0
       0
       0
       0
       0
       0
       1
       0
       0
       1
       0
       0
       0
       0
       0
       0
       0
       0
       0
       0
       0
       0
       0
       0
       0
       0
       1
       0
       0
       0
       0
       0
       0
       0
       0
       0
       0
       0
       0
       0
       0
       1
       0
       0
       0
       0
       0
       0
       0
       0
       0
       0
       0
       0
       0
       0
       0
       0
       0
       0
       0
       0
       0
       0
       0
       0
       0
       0
       0
       0
       0
       0
       0
       0
       0
       0
       0
       0
       0
       0
       0
       0
       0
       0
       0
       0
       0
       0
       0
       0
       0
       0
       0
       0
       0
       0
       0
       0
       0
       0
       0
       0
       0
       0
       0
       0
       0
       0
       0
       0
       0
       0
       0
       0
       0
       0
       0
       0
       0
       0
       0
       0
       0
       0
       0
       0
       0
       0
       0
       0
       0
       0
       0
       0
       0
       0
       0
       0
       0
       0
       0
       0
       0
       0
       0
       0
       0
       0
       0
       0
       0
       0
       0
       0
       0
       0
       0
       0
       0
       0
       0
       0
       0
       0
       0
       0
       0
       0
       0
#$ROI:
#0
#$PRESETS:
#Live Time
#100
#0
#$ENER_FIT:
#0.000000 9.323944
#$MCA_CAL:
#3
#0.000000E+000 9.323944E+000 0.000000E+000 keV
#$SHAPE_CAL:
#3
#0.000000E+000 0.000000E+000 0.000000E+000
