#	Zeit (s)	Temperatur 1 (째C)	Temperatur 2 (째C)	Temperatur 5 (째C)	Temperatur 6 (째C)
1	0.0000	22.84	23.87	23.92	24.97
2	5.0000	22.95	24.57	24.29	26.26
3	10.0000	23.13	25.41	24.87	27.46
4	15.0000	23.39	26.22	25.55	28.49
5	20.0000	23.71	26.95	26.24	29.37
6	25.0000	24.06	27.60	26.93	30.14
7	30.0000	24.42	28.19	27.61	30.82
8	35.0000	24.78	28.71	28.25	31.43
9	40.0000	25.15	29.18	28.86	31.99
10	45.0000	25.52	29.61	29.46	32.52
11	50.0000	25.88	30.02	30.00	33.00
12	55.0000	26.23	30.39	30.54	33.45
13	60.0000	26.57	30.74	31.04	33.88
14	65.0000	26.90	31.06	31.51	34.27
15	70.0000	27.23	31.36	31.95	34.65
16	75.0000	27.55	31.66	32.38	35.00
17	80.0000	27.86	31.93	32.78	35.33
18	85.0000	28.17	32.19	33.16	35.65
19	90.0000	28.46	32.46	33.53	35.94
20	95.0000	28.75	32.70	33.87	36.23
21	100.0000	29.02	32.94	34.19	36.50
22	105.0000	29.30	33.17	34.50	36.76
23	110.0000	29.57	33.39	34.80	37.00
24	115.0000	29.83	33.61	35.08	37.23
25	120.0000	30.08	33.82	35.35	37.46
26	125.0000	30.33	34.03	35.61	37.67
27	130.0000	30.56	34.23	35.84	37.88
28	135.0000	30.80	34.43	36.09	38.08
29	140.0000	31.03	34.62	36.31	38.27
30	145.0000	31.26	34.81	36.53	38.46
31	150.0000	31.47	34.99	36.73	38.63
32	155.0000	31.69	35.17	36.94	38.81
33	160.0000	31.90	35.35	37.13	38.98
34	165.0000	32.11	35.53	37.32	39.14
35	170.0000	32.31	35.70	37.51	39.31
36	175.0000	32.51	35.87	37.68	39.46
37	180.0000	32.70	36.04	37.86	39.61
38	185.0000	32.89	36.20	38.02	39.76
39	190.0000	33.07	36.36	38.18	39.90
40	195.0000	33.25	36.52	38.34	40.04
41	200.0000	33.43	36.67	38.49	40.18
42	205.0000	33.61	36.82	38.64	40.31
43	210.0000	33.78	36.97	38.79	40.45
44	215.0000	33.94	37.12	38.93	40.57
45	220.0000	34.11	37.27	39.07	40.70
46	225.0000	34.28	37.41	39.21	40.83
47	230.0000	34.44	37.55	39.34	40.94
48	235.0000	34.59	37.69	39.47	41.06
49	240.0000	34.75	37.83	39.59	41.18
50	245.0000	34.90	37.96	39.72	41.29
51	250.0000	35.05	38.10	39.84	41.41
52	255.0000	35.20	38.23	39.96	41.52
53	260.0000	35.35	38.36	40.08	41.63
54	265.0000	35.48	38.49	40.20	41.74
55	270.0000	35.63	38.61	40.31	41.84
56	275.0000	35.77	38.74	40.43	41.95
57	280.0000	35.90	38.86	40.54	42.05
58	285.0000	36.04	38.99	40.64	42.15
59	290.0000	36.16	39.10	40.74	42.26
60	295.0000	36.29	39.22	40.84	42.36
61	300.0000	36.43	39.34	40.95	42.44
62	305.0000	36.55	39.45	41.05	42.55
63	310.0000	36.67	39.57	41.15	42.64
64	315.0000	36.80	39.68	41.25	42.73
65	320.0000	36.92	39.79	41.35	42.83
66	325.0000	37.04	39.90	41.46	42.92
67	330.0000	37.15	40.01	41.55	43.02
68	335.0000	37.27	40.12	41.65	43.11
69	340.0000	37.39	40.22	41.75	43.20
70	345.0000	37.50	40.33	41.84	43.29
71	350.0000	37.62	40.44	41.93	43.38
72	355.0000	37.73	40.54	42.02	43.47
73	360.0000	37.84	40.64	42.11	43.56
74	365.0000	37.95	40.74	42.20	43.64
75	370.0000	38.05	40.84	42.29	43.73
76	375.0000	38.16	40.94	42.38	43.82
77	380.0000	38.27	41.04	42.47	43.90
78	385.0000	38.37	41.14	42.55	43.98
79	390.0000	38.47	41.24	42.64	44.07
80	395.0000	38.58	41.34	42.72	44.15
81	400.0000	38.67	41.43	42.80	44.23
82	405.0000	38.77	41.52	42.89	44.31
83	410.0000	38.87	41.61	42.97	44.40
84	415.0000	38.97	41.71	43.06	44.48
85	420.0000	39.06	41.80	43.14	44.56
86	425.0000	39.16	41.89	43.22	44.63
87	430.0000	39.25	41.98	43.30	44.71
88	435.0000	39.35	42.07	43.37	44.79
89	440.0000	39.44	42.16	43.45	44.87
90	445.0000	39.53	42.24	43.53	44.95
91	450.0000	39.62	42.33	43.61	45.03
92	455.0000	39.71	42.41	43.69	45.10
93	460.0000	39.80	42.50	43.77	45.18
94	465.0000	39.89	42.59	43.84	45.25
95	470.0000	39.97	42.67	43.92	45.33
96	475.0000	40.06	42.76	43.99	45.40
97	480.0000	40.14	42.83	44.06	45.48
98	485.0000	40.22	42.92	44.14	45.55
99	490.0000	40.31	42.99	44.21	45.62
100	495.0000	40.39	43.08	44.29	45.70
101	500.0000	40.47	43.16	44.36	45.77
102	505.0000	40.55	43.24	44.43	45.84
103	510.0000	40.63	43.32	44.51	45.91
104	515.0000	40.71	43.40	44.58	45.99
105	520.0000	40.79	43.47	44.65	46.06
106	525.0000	40.87	43.55	44.72	46.13
107	530.0000	40.95	43.63	44.80	46.20
108	535.0000	41.03	43.70	44.87	46.27
109	540.0000	41.10	43.78	44.94	46.34
110	545.0000	41.19	43.86	45.00	46.41
111	550.0000	41.26	43.93	45.07	46.48
112	555.0000	41.34	44.00	45.14	46.55
113	560.0000	41.41	44.08	45.20	46.62
114	565.0000	41.48	44.14	45.27	46.67
115	570.0000	41.56	44.22	45.34	46.74
116	575.0000	41.63	44.29	45.41	46.81
117	580.0000	41.71	44.37	45.47	46.87
118	585.0000	41.78	44.43	45.53	46.93
119	590.0000	41.85	44.50	45.59	47.00
120	595.0000	41.92	44.57	45.66	47.06
121	600.0000	41.99	44.64	45.73	47.12
122	605.0000	42.06	44.71	45.79	47.19
123	610.0000	42.13	44.78	45.85	47.25
124	615.0000	42.20	44.85	45.91	47.31
125	620.0000	42.27	44.91	45.97	47.38
126	625.0000	42.33	44.97	46.02	47.41
127	630.0000	42.40	45.04	46.09	47.48
128	635.0000	42.47	45.11	46.15	47.55
129	640.0000	42.53	45.18	46.21	47.61
130	645.0000	42.60	45.24	46.27	47.68
131	650.0000	42.66	45.31	46.33	47.74
132	655.0000	42.73	45.37	46.40	47.80
133	660.0000	42.79	45.43	46.45	47.86
134	665.0000	42.85	45.50	46.52	47.92
135	670.0000	42.92	45.56	46.57	47.98
136	675.0000	42.99	45.62	46.63	48.04
137	680.0000	43.05	45.69	46.69	48.10
138	685.0000	43.11	45.75	46.75	48.16
139	690.0000	43.17	45.81	46.81	48.21
140	695.0000	43.23	45.87	46.87	48.27
141	700.0000	43.29	45.93	46.93	48.33
142	705.0000	43.36	45.99	46.98	48.39
143	710.0000	43.41	46.05	47.04	48.44
144	715.0000	43.47	46.11	47.09	48.49
145	720.0000	43.53	46.17	47.14	48.55
146	725.0000	43.59	46.23	47.20	48.61
147	730.0000	43.65	46.29	47.26	48.66
148	735.0000	43.70	46.34	47.31	48.72
149	740.0000	43.77	46.41	47.37	48.78
150	745.0000	43.82	46.46	47.42	48.83
151	750.0000	43.88	46.52	47.47	48.89
152	755.0000	43.93	46.57	47.52	48.93
153	760.0000	43.99	46.63	47.57	48.98
154	765.0000	44.05	46.68	47.63	49.04
155	770.0000	44.10	46.74	47.67	49.09
156	775.0000	44.16	46.79	47.73	49.14
157	780.0000	44.21	46.85	47.78	49.19
158	785.0000	44.27	46.90	47.84	49.25
159	790.0000	44.32	46.96	47.89	49.30
160	795.0000	44.37	47.01	47.94	49.35
161	800.0000	44.43	47.06	47.99	49.40
162	805.0000	44.48	47.12	48.05	49.45
163	810.0000	44.53	47.17	48.10	49.50
164	815.0000	44.59	47.22	48.14	49.56
165	820.0000	44.64	47.27	48.20	49.61
166	825.0000	44.69	47.32	48.24	49.65
167	830.0000	44.74	47.37	48.29	49.70
168	835.0000	44.79	47.43	48.34	49.75
169	840.0000	44.85	47.48	48.39	49.80
170	845.0000	44.89	47.53	48.44	49.85
171	850.0000	44.95	47.58	48.49	49.90
172	855.0000	44.99	47.63	48.53	49.95
173	860.0000	45.04	47.68	48.58	50.00
174	865.0000	45.09	47.73	48.63	50.05
175	870.0000	45.14	47.77	48.68	50.09
176	875.0000	45.19	47.82	48.73	50.14
177	880.0000	45.24	47.87	48.77	50.19
178	885.0000	45.28	47.92	48.82	50.23
179	890.0000	45.34	47.97	48.87	50.28
180	895.0000	45.38	48.02	48.91	50.33
181	900.0000	45.42	48.07	48.96	50.37
182	905.0000	45.48	48.11	49.00	50.42
183	910.0000	45.52	48.16	49.05	50.46
184	915.0000	45.57	48.20	49.09	50.51
185	920.0000	45.62	48.25	49.13	50.55
186	925.0000	45.66	48.30	49.18	50.60
187	930.0000	45.70	48.34	49.22	50.64
188	935.0000	45.75	48.39	49.26	50.69
189	940.0000	45.79	48.43	49.31	50.73
190	945.0000	45.84	48.48	49.35	50.77
191	950.0000	45.88	48.53	49.39	50.81
192	955.0000	45.93	48.57	49.44	50.86
193	960.0000	45.97	48.61	49.48	50.90
194	965.0000	46.02	48.66	49.52	50.95
195	970.0000	46.06	48.70	49.56	50.98
196	975.0000	46.11	48.74	49.61	51.03
197	980.0000	46.15	48.79	49.65	51.07
