#	Temperatur 7 (°C)	Temperatur 8 (°C)
1	31.94	29.64
2	31.94	29.64
3	31.95	29.64
4	31.98	29.64
5	32.04	29.64
6	32.14	29.64
7	32.25	29.64
8	32.39	29.64
9	32.54	29.64
10	32.71	29.63
11	32.89	29.64
12	33.07	29.64
13	33.25	29.64
14	33.44	29.64
15	33.62	29.64
16	33.80	29.65
17	33.98	29.65
18	34.15	29.66
19	34.31	29.66
20	34.48	29.67
21	34.64	29.68
22	34.80	29.69
23	34.94	29.70
24	35.09	29.72
25	35.23	29.73
26	35.37	29.74
27	35.50	29.76
28	35.63	29.78
29	35.75	29.80
30	35.86	29.82
31	35.98	29.84
32	36.08	29.86
33	36.18	29.89
34	36.28	29.91
35	36.37	29.94
36	36.46	29.97
37	36.54	29.99
38	36.61	30.02
39	36.68	30.04
40	36.75	30.08
41	36.81	30.11
42	36.87	30.14
43	36.93	30.17
44	36.98	30.20
45	37.02	30.23
46	37.07	30.26
47	37.11	30.30
48	37.16	30.32
49	37.19	30.36
50	37.23	30.38
51	37.25	30.41
52	37.28	30.43
53	37.31	30.46
54	37.33	30.50
55	37.34	30.52
56	37.34	30.56
57	37.32	30.59
58	37.28	30.62
59	37.22	30.66
60	37.15	30.69
61	37.08	30.72
62	36.99	30.75
63	36.90	30.77
64	36.80	30.80
65	36.70	30.83
66	36.59	30.86
67	36.49	30.89
68	36.39	30.91
69	36.28	30.93
70	36.18	30.95
71	36.07	30.97
72	35.96	31.00
73	35.86	31.02
74	35.77	31.04
75	35.67	31.05
76	35.58	31.07
77	35.49	31.08
78	35.41	31.09
79	35.33	31.10
80	35.25	31.11
81	35.17	31.13
82	35.09	31.13
83	35.02	31.14
84	34.95	31.14
85	34.88	31.15
86	34.82	31.16
87	34.76	31.16
88	34.70	31.16
89	34.63	31.16
90	34.57	31.16
91	34.51	31.16
92	34.45	31.16
93	34.39	31.16
94	34.33	31.15
95	34.28	31.15
96	34.23	31.14
97	34.18	31.14
98	34.12	31.14
99	34.08	31.13
100	34.03	31.13
101	33.98	31.12
102	33.93	31.11
103	33.89	31.10
104	33.85	31.09
105	33.82	31.08
106	33.81	31.08
107	33.82	31.08
108	33.86	31.07
109	33.90	31.06
110	33.96	31.05
111	34.03	31.05
112	34.10	31.05
113	34.18	31.04
114	34.26	31.03
115	34.34	31.02
116	34.42	31.02
117	34.51	31.01
118	34.60	31.01
119	34.69	31.00
120	34.79	31.00
121	34.88	30.99
122	34.97	30.99
123	35.07	30.99
124	35.15	30.99
125	35.24	31.00
126	35.33	30.99
127	35.41	31.00
128	35.50	31.00
129	35.57	31.00
130	35.65	31.01
131	35.73	31.01
132	35.80	31.02
133	35.88	31.03
134	35.95	31.03
135	36.02	31.04
136	36.09	31.05
137	36.16	31.06
138	36.23	31.07
139	36.29	31.08
140	36.36	31.09
141	36.42	31.10
142	36.47	31.11
143	36.52	31.13
144	36.58	31.14
145	36.63	31.15
146	36.68	31.16
147	36.73	31.18
148	36.78	31.20
149	36.83	31.21
150	36.88	31.22
151	36.93	31.24
152	36.98	31.25
153	37.02	31.27
154	37.06	31.28
155	37.10	31.30
156	37.11	31.31
157	37.12	31.33
158	37.10	31.35
159	37.06	31.37
160	37.01	31.38
161	36.96	31.40
162	36.89	31.42
163	36.81	31.44
164	36.73	31.45
165	36.64	31.46
166	36.55	31.48
167	36.47	31.49
168	36.38	31.52
169	36.28	31.54
170	36.19	31.55
171	36.09	31.56
172	36.00	31.57
173	35.90	31.58
174	35.81	31.59
175	35.72	31.60
176	35.64	31.60
177	35.56	31.61
178	35.48	31.62
179	35.40	31.63
180	35.32	31.64
181	35.24	31.64
182	35.18	31.65
183	35.10	31.65
184	35.04	31.65
185	34.97	31.66
186	34.91	31.66
187	34.85	31.66
188	34.78	31.65
189	34.72	31.65
190	34.67	31.65
191	34.61	31.65
192	34.56	31.64
193	34.51	31.64
194	34.46	31.64
195	34.41	31.63
196	34.37	31.62
197	34.32	31.62
198	34.28	31.61
199	34.24	31.61
200	34.20	31.60
201	34.16	31.59
202	34.12	31.57
203	34.08	31.57
204	34.05	31.57
205	34.02	31.55
206	34.01	31.55
207	34.03	31.54
208	34.07	31.53
209	34.12	31.52
210	34.19	31.51
211	34.28	31.50
212	34.36	31.49
213	34.46	31.48
214	34.56	31.47
215	34.66	31.46
216	34.77	31.45
217	34.87	31.44
218	34.98	31.43
219	35.08	31.42
220	35.18	31.42
221	35.30	31.41
222	35.40	31.41
223	35.50	31.40
224	35.60	31.40
225	35.69	31.40
226	35.77	31.40
227	35.84	31.40
228	35.87	31.40
229	35.90	31.40
230	35.90	31.40
231	35.89	31.41
232	35.87	31.42
233	35.82	31.42
234	35.78	31.43
235	35.73	31.44
236	35.68	31.44
237	35.62	31.45
238	35.56	31.45
239	35.50	31.46
240	35.44	31.47
241	35.37	31.48
242	35.31	31.49
243	35.25	31.50
244	35.18	31.50
245	35.12	31.51
246	35.06	31.51
247	35.00	31.52
248	34.94	31.53
249	34.89	31.52
250	34.83	31.53
251	34.77	31.53
252	34.72	31.53
253	34.66	31.53
254	34.61	31.53
255	34.56	31.53
256	34.51	31.54
257	34.45	31.53
258	34.41	31.53
259	34.37	31.54
260	34.33	31.53
261	34.29	31.53
262	34.25	31.52
263	34.21	31.52
264	34.17	31.52
265	34.14	31.52
266	34.11	31.52
267	34.07	31.50
268	34.03	31.50
269	34.00	31.50
270	33.97	31.50
271	33.94	31.49
272	33.92	31.48
273	33.88	31.48
274	33.85	31.47
275	33.84	31.46
276	33.84	31.45
277	33.87	31.44
278	33.93	31.43
279	33.99	31.43
280	34.09	31.42
281	34.18	31.40
282	34.29	31.40
283	34.40	31.39
284	34.53	31.39
285	34.64	31.38
286	34.77	31.37
287	34.88	31.37
288	34.99	31.36
289	35.12	31.36
290	35.23	31.36
291	35.34	31.35
292	35.45	31.35
293	35.55	31.35
294	35.66	31.35
295	35.76	31.36
296	35.86	31.36
297	35.95	31.36
298	36.04	31.37
299	36.13	31.38
300	36.21	31.38
301	36.29	31.39
302	36.37	31.40
303	36.45	31.40
304	36.52	31.41
305	36.59	31.43
306	36.65	31.44
307	36.71	31.45
308	36.78	31.46
309	36.83	31.47
310	36.89	31.49
311	36.94	31.50
312	37.00	31.52
313	37.04	31.53
314	37.09	31.55
315	37.14	31.56
316	37.18	31.58
317	37.23	31.60
318	37.27	31.62
319	37.31	31.63
320	37.35	31.65
321	37.39	31.67
322	37.41	31.68
323	37.45	31.70
324	37.48	31.72
325	37.51	31.74
326	37.51	31.76
327	37.51	31.78
328	37.48	31.80
329	37.44	31.82
330	37.39	31.83
331	37.34	31.85
332	37.27	31.87
333	37.19	31.88
334	37.12	31.90
335	37.03	31.92
336	36.94	31.93
337	36.85	31.95
338	36.76	31.96
339	36.67	31.97
340	36.57	31.98
341	36.49	32.00
342	36.39	32.01
343	36.30	32.02
344	36.21	32.03
345	36.13	32.04
346	36.04	32.04
347	35.96	32.05
348	35.88	32.05
349	35.80	32.06
350	35.72	32.07
351	35.66	32.07
352	35.58	32.08
353	35.51	32.08
354	35.44	32.08
355	35.37	32.08
356	35.30	32.08
357	35.24	32.08
358	35.18	32.08
359	35.12	32.08
360	35.06	32.07
361	35.01	32.07
362	34.95	32.07
363	34.91	32.07
364	34.86	32.06
365	34.81	32.06
366	34.77	32.05
367	34.71	32.04
368	34.68	32.04
369	34.63	32.03
370	34.59	32.02
371	34.55	32.02
372	34.49	32.00
373	34.44	32.00
374	34.41	31.99
375	34.38	31.98
376	34.36	31.96
377	34.35	31.96
378	34.38	31.95
379	34.42	31.94
380	34.48	31.93
381	34.56	31.91
382	34.64	31.91
383	34.74	31.90
384	34.84	31.90
385	34.94	31.89
386	35.05	31.88
387	35.16	31.87
388	35.28	31.86
389	35.39	31.85
390	35.50	31.84
391	35.61	31.84
392	35.72	31.84
393	35.83	31.83
394	35.93	31.83
395	36.04	31.83
396	36.14	31.83
397	36.23	31.82
398	36.32	31.82
399	36.42	31.82
400	36.50	31.83
401	36.59	31.83
402	36.67	31.83
403	36.76	31.84
404	36.84	31.85
405	36.90	31.85
406	36.97	31.86
407	37.04	31.87
408	37.10	31.88
409	37.16	31.89
410	37.22	31.90
411	37.28	31.91
412	37.33	31.93
413	37.38	31.94
414	37.42	31.95
415	37.46	31.97
416	37.51	31.98
417	37.54	32.00
418	37.57	32.02
419	37.60	32.02
420	37.62	32.04
421	37.65	32.05
422	37.67	32.07
423	37.70	32.09
424	37.71	32.11
425	37.73	32.12
426	37.75	32.13
427	37.75	32.15
428	37.73	32.18
429	37.71	32.19
430	37.67	32.21
431	37.61	32.23
432	37.55	32.24
433	37.48	32.26
434	37.39	32.27
435	37.31	32.29
436	37.22	32.30
437	37.13	32.31
438	37.04	32.33
439	36.94	32.34
440	36.85	32.35
441	36.76	32.36
442	36.67	32.38
443	36.58	32.39
444	36.49	32.40
445	36.39	32.41
446	36.31	32.41
447	36.21	32.42
448	36.14	32.41
449	36.05	32.41
450	35.98	32.41
451	35.90	32.42
452	35.82	32.42
453	35.75	32.43
454	35.68	32.43
455	35.61	32.44
456	35.54	32.43
457	35.48	32.44
458	35.42	32.43
459	35.36	32.43
460	35.30	32.43
461	35.25	32.42
462	35.19	32.42
463	35.14	32.42
464	35.08	32.41
465	35.03	32.41
466	34.98	32.40
467	34.93	32.39
468	34.89	32.39
469	34.84	32.38
470	34.80	32.38
471	34.76	32.36
472	34.71	32.35
473	34.67	32.33
474	34.63	32.32
475	34.59	32.31
476	34.55	32.29
477	34.51	32.27
478	34.47	32.25
479	34.46	32.25
480	34.47	32.24
481	34.50	32.22
482	34.56	32.21
483	34.63	32.20
484	34.70	32.18
485	34.77	32.17
486	34.87	32.15
487	34.95	32.13
488	35.05	32.12
489	35.15	32.11
490	35.26	32.10
491	35.36	32.09
492	35.46	32.08
493	35.57	32.07
494	35.66	32.07
495	35.76	32.07
496	35.85	32.06
497	35.95	32.05
498	36.04	32.05
499	36.13	32.05
500	36.22	32.05
501	36.30	32.05
502	36.39	32.05
503	36.46	32.05
504	36.54	32.05
505	36.61	32.05
506	36.68	32.06
507	36.76	32.07
508	36.83	32.07
509	36.89	32.07
510	36.95	32.06
511	37.01	32.08
512	37.07	32.08
513	37.14	32.09
514	37.20	32.10
515	37.26	32.11
516	37.31	32.12
517	37.35	32.13
518	37.41	32.14
519	37.46	32.16
520	37.50	32.17
521	37.54	32.18
522	37.58	32.19
523	37.62	32.20
524	37.66	32.21
525	37.70	32.22
526	37.74	32.25
527	37.77	32.26
528	37.80	32.27
529	37.81	32.29
530	37.79	32.30
531	37.77	32.32
532	37.72	32.33
533	37.66	32.35
534	37.59	32.36
535	37.52	32.38
536	37.42	32.38
537	37.34	32.39
538	37.23	32.39
539	37.15	32.41
540	37.06	32.42
541	36.96	32.43
542	36.87	32.44
543	36.78	32.46
544	36.68	32.47
545	36.59	32.47
546	36.49	32.48
547	36.41	32.48
548	36.33	32.49
549	36.24	32.49
550	36.16	32.50
551	36.08	32.50
552	36.01	32.50
553	35.93	32.51
554	35.85	32.51
555	35.78	32.51
556	35.72	32.51
557	35.65	32.52
558	35.59	32.51
559	35.52	32.51
560	35.47	32.51
561	35.40	32.51
562	35.34	32.50
563	35.29	32.50
564	35.24	32.49
565	35.19	32.49
566	35.13	32.48
567	35.08	32.47
568	35.04	32.47
569	34.99	32.45
570	34.95	32.44
571	34.90	32.43
572	34.86	32.42
573	34.81	32.41
574	34.77	32.40
575	34.73	32.39
576	34.69	32.39
577	34.65	32.37
578	34.62	32.37
579	34.60	32.36
580	34.62	32.36
581	34.66	32.34
582	34.72	32.33
583	34.80	32.32
584	34.88	32.31
585	34.98	32.29
586	35.08	32.28
587	35.19	32.27
588	35.31	32.26
589	35.43	32.25
590	35.54	32.25
591	35.66	32.23
592	35.78	32.23
593	35.90	32.22
594	36.01	32.21
595	36.13	32.21
596	36.24	32.21
597	36.34	32.20
598	36.45	32.20
599	36.55	32.20
600	36.65	32.21
601	36.76	32.21
602	36.85	32.20
603	36.94	32.21
604	37.03	32.22
605	37.12	32.22
606	37.20	32.23
607	37.29	32.23
608	37.37	32.23
609	37.43	32.24
610	37.51	32.24
611	37.58	32.26
612	37.65	32.27
613	37.72	32.28
614	37.79	32.29
615	37.85	32.30
616	37.91	32.32
617	37.97	32.32
618	38.03	32.34
619	38.09	32.35
620	38.14	32.37
621	38.20	32.38
622	38.24	32.39
623	38.29	32.41
624	38.34	32.42
625	38.39	32.44
626	38.43	32.45
627	38.48	32.47
628	38.52	32.49
629	38.56	32.51
630	38.60	32.52
631	38.63	32.54
632	38.64	32.56
633	38.63	32.58
634	38.60	32.59
635	38.54	32.61
636	38.48	32.63
637	38.40	32.64
638	38.31	32.66
639	38.23	32.68
640	38.13	32.70
641	38.03	32.71
642	37.93	32.73
643	37.82	32.75
644	37.73	32.76
645	37.61	32.77
646	37.51	32.78
647	37.41	32.79
648	37.30	32.80
649	37.21	32.81
650	37.11	32.82
651	37.01	32.83
652	36.92	32.84
653	36.83	32.85
654	36.74	32.85
655	36.66	32.85
656	36.56	32.86
657	36.47	32.84
658	36.37	32.83
659	36.27	32.81
660	36.18	32.80
661	36.09	32.79
662	36.03	32.78
663	35.95	32.77
664	35.88	32.76
665	35.81	32.76
666	35.75	32.75
667	35.69	32.75
668	35.64	32.75
669	35.59	32.74
670	35.54	32.73
671	35.49	32.72
672	35.44	32.72
673	35.40	32.71
674	35.35	32.70
675	35.31	32.70
676	35.27	32.69
677	35.23	32.68
678	35.19	32.67
679	35.15	32.66
680	35.12	32.65
681	35.08	32.65
682	35.06	32.64
683	35.07	32.63
684	35.10	32.62
685	35.16	32.61
686	35.24	32.61
687	35.33	32.59
688	35.43	32.59
689	35.55	32.57
690	35.67	32.57
691	35.79	32.57
692	35.92	32.56
693	36.04	32.56
694	36.18	32.55
695	36.31	32.54
696	36.44	32.54
697	36.56	32.54
698	36.69	32.53
699	36.81	32.53
700	36.93	32.54
701	37.05	32.54
702	37.16	32.53
703	37.28	32.55
704	37.39	32.55
705	37.49	32.55
706	37.60	32.57
707	37.70	32.57
708	37.80	32.58
709	37.90	32.59
710	37.99	32.61
711	38.08	32.61
712	38.17	32.62
713	38.26	32.64
714	38.34	32.65
715	38.42	32.67
716	38.50	32.68
717	38.58	32.70
718	38.65	32.72
719	38.72	32.74
720	38.80	32.76
721	38.86	32.77
722	38.94	32.80
723	38.99	32.82
724	39.07	32.83
725	39.13	32.86
726	39.18	32.88
727	39.25	32.91
728	39.30	32.93
729	39.37	32.95
730	39.42	32.98
731	39.47	33.00
732	39.52	33.03
733	39.54	33.05
734	39.54	33.07
735	39.53	33.09
736	39.50	33.12
737	39.45	33.15
738	39.38	33.17
739	39.30	33.20
740	39.22	33.22
741	39.13	33.24
742	39.03	33.27
743	38.93	33.29
744	38.83	33.31
745	38.73	33.33
746	38.63	33.36
747	38.52	33.38
748	38.42	33.39
749	38.31	33.41
750	38.22	33.43
751	38.12	33.44
752	38.03	33.46
753	37.94	33.48
754	37.86	33.49
755	37.77	33.50
756	37.68	33.51
757	37.60	33.52
758	37.51	33.54
759	37.44	33.53
760	37.36	33.55
761	37.29	33.56
762	37.22	33.56
763	37.15	33.56
764	37.09	33.57
765	37.02	33.57
766	36.96	33.57
767	36.90	33.57
768	36.85	33.58
769	36.79	33.57
770	36.73	33.57
771	36.68	33.57
772	36.63	33.57
773	36.58	33.56
774	36.53	33.56
775	36.49	33.56
776	36.44	33.56
777	36.41	33.55
778	36.36	33.54
779	36.33	33.54
780	36.28	33.54
781	36.24	33.53
782	36.22	33.52
783	36.20	33.52
784	36.22	33.52
785	36.25	33.51
786	36.31	33.50
787	36.39	33.50
788	36.49	33.49
789	36.59	33.48
790	36.70	33.47
791	36.81	33.46
792	36.94	33.45
793	37.07	33.45
794	37.19	33.45
795	37.31	33.45
796	37.44	33.44
797	37.56	33.44
798	37.69	33.43
799	37.81	33.44
800	37.93	33.44
801	38.05	33.44
802	38.16	33.44
803	38.27	33.44
804	38.38	33.44
805	38.48	33.45
806	38.58	33.45
807	38.68	33.47
808	38.76	33.47
809	38.86	33.48
810	38.94	33.49
811	39.03	33.50
812	39.11	33.51
813	39.19	33.53
814	39.26	33.54
815	39.34	33.55
816	39.41	33.57
817	39.48	33.58
818	39.54	33.60
819	39.60	33.61
820	39.65	33.63
821	39.72	33.66
822	39.77	33.67
823	39.82	33.69
824	39.88	33.71
825	39.93	33.73
826	39.97	33.76
827	40.02	33.77
828	40.06	33.80
829	40.10	33.81
