$SPEC_ID:
No sample description was entered.
$SPEC_REM:
DET# 1
DETDESC# MYON MCB 337
AP# Maestro Version 6.06
$DATE_MEA:
01/15/2018 15:39:25
$MEAS_TIM:
220 222
$DATA:
0 511
       0
       0
       0
       0
       0
    2221
       0
    2338
       0
    2200
       0
    2299
       0
    1003
    1508
       0
    2320
       0
    2248
       0
    2440
       0
    2193
       0
     697
    1502
       0
    2144
       0
    2303
       0
    2265
       0
    1654
     537
     713
    1447
       0
    2441
       0
    2307
       0
    2391
       0
    1719
     698
     811
    1718
       0
    2371
       0
    2271
       0
    2340
      43
    1250
     962
     763
    1528
       0
    2453
       0
    2208
       0
    2423
     677
    1304
     967
     730
    1463
      20
    1756
       0
    2223
       0
    1508
     662
    1174
    1154
     710
    1417
     138
    2085
       0
    2122
     133
    1544
     895
    1016
    1007
     796
    1556
     332
    1972
       0
    1772
     498
    1440
     958
     945
    1086
     834
    1667
     352
    1894
      16
    1642
     672
    1390
    1051
    1002
    1186
     689
    1444
     344
    1534
     268
    1684
     860
    1148
     979
     843
    1125
     718
    1579
     339
    1280
     512
    1348
     817
    1048
    1010
    1019
    1427
     713
    1409
     601
    1144
     658
    1281
     918
    1121
    1166
     864
    1318
     653
    1073
     834
    1102
     780
    1143
     918
    1234
    1410
     858
    1359
     618
     987
     940
    1209
     939
    1121
     968
     895
    1104
     797
     931
    1000
     850
    1037
    1010
     951
     972
     934
     995
    1210
     881
     923
    1075
     796
    1110
     902
     970
    1059
    1101
     865
     835
    1159
     838
    1266
     743
    1163
     804
     970
    1033
    1050
    1032
     775
    1715
    1188
    1641
     685
    1197
     764
    1011
    1080
     894
    1214
     667
    1317
     695
    1360
     680
    1284
     779
    1005
     933
     632
    1263
     628
     693
       0
       0
       0
       0
       0
       0
       0
       0
       0
       0
       0
       0
       0
       0
       0
       0
       0
       0
       0
       0
       0
       0
       0
       0
       0
       0
       0
       0
       0
       0
       0
       0
       0
       0
       0
       0
       0
       0
       0
       0
       0
       0
       0
       0
       0
       0
       0
       0
       0
       0
       0
       0
       0
       0
       0
       0
       0
       0
       0
       0
       0
       0
       0
       0
       0
       0
       0
       0
       0
       0
       0
       0
       0
       0
       0
       0
       0
       0
       0
       0
       0
       0
       0
       0
       0
       0
       0
       0
       0
       0
       0
       0
       0
       0
       0
       0
       0
       0
       0
       0
       0
       0
       0
       0
       0
       0
       0
       0
       0
       0
       0
       0
       0
       0
       0
       0
       0
       0
       0
       0
       0
       0
       0
       0
       0
       0
       0
       0
       0
       0
       0
       0
       0
       0
       0
       0
       0
       0
       0
       0
       0
       0
       0
       0
       0
       0
       0
       0
       0
       0
       0
       0
       0
       0
       0
       0
       0
       0
       0
       0
       0
       0
       0
       0
       0
       0
       0
       0
       0
       0
       0
       0
       0
       0
       0
       0
       0
       0
       0
       0
       0
       0
       0
       0
       0
       0
       0
       0
       0
       0
       0
       0
       0
       0
       0
       0
       0
       0
       0
       0
       0
       0
       0
       0
       0
       0
       0
       0
       0
       0
       0
       0
       0
       0
       0
       0
       0
       0
       0
       0
       0
       0
       0
       0
       0
       0
       0
       0
       0
       0
       0
       0
       0
       0
       0
       0
       0
       0
       0
       0
       0
       0
       0
       0
       0
       0
       0
       0
       0
       0
       0
       0
       0
       0
       0
       0
       0
       0
       0
       0
       0
       0
       0
       0
       0
       0
       0
       0
       0
       0
       0
       0
       0
       0
       0
       0
       0
       0
       0
       0
       0
       0
       0
       0
       0
       0
       0
       0
       0
       0
       0
$ROI:
1
434 454
$PRESETS:
None
0
0
$ENER_FIT:
-2.326062 0.088583
$MCA_CAL:
3
-2.326062E+000 8.858320E-002 -1.636990E-004 micr
$SHAPE_CAL:
3
0.000000E+000 0.000000E+000 0.000000E+000
